12 96 -12 67 10000
32 41
80 41
59 41
49 41
20 24
83 42
14 63
92 58
29 -5
86 57
29 40
91 42
23 -3
85 52
30 29
93 -7
25 13
85 16
31 3
82 32
25 11
84 1
22 19
91 16
13 -11
85 30
24 0
84 11
16 5
94 33
29 51
82 64
14 10
88 62
21 -5
83 51
14 46
87 14
23 44
86 63
30 37
85 -4
13 -7
93 46
20 3
87 43
25 12
86 2
30 16
86 18
30 64
95 1
20 54
89 2
31 56
85 14
29 64
93 65
16 56
85 17
28 -10
95 19
27 23
95 57
30 -10
89 34
25 -1
88 -9
25 11
86 34
25 -8
81 16
22 -8
94 -3
23 -8
84 13
23 57
82 46
20 64
93 25
24 34
94 42
19 55
92 48
28 39
84 39
24 64
95 21
14 42
89 39
27 15
81 -1
26 18
86 58
19 4
86 -8
21 26
81 4
24 24
81 25
30 -10
87 27
20 53
83 -6
23 -1
94 34
16 -9
89 20
31 12
89 24
25 17
90 37
18 7
82 31
23 27
87 27
30 54
86 4
19 36
85 1
28 15
90 11
15 1
86 26
13 42
92 12
15 51
86 37
26 -4
87 -6
17 29
85 51
14 58
84 -11
28 65
84 13
25 8
86 48
23 38
92 6
15 59
83 -5
23 51
81 45
26 55
95 3
31 43
86 -5
16 43
91 1
24 36
91 -6
23 49
86 38
14 23
88 22
25 46
94 19
19 33
81 50
23 36
95 29
24 41
85 63
24 -8
84 48
15 11
89 7
24 -10
95 2
29 22
90 28
13 54
91 -6
28 -6
90 3
26 31
81 42
22 40
81 62
27 25
82 -6
22 8
93 30
30 57
88 51
23 -9
86 4
14 60
86 9
13 25
93 -10
20 28
94 35
29 -7
87 34
25 63
84 39
29 41
91 30
20 7
82 33
20 66
83 26
26 18
94 7
17 60
86 6
30 41
90 12
21 43
86 64
18 7
87 60
15 28
86 2
26 -1
93 17
29 56
87 18
14 62
94 23
15 34
90 38
27 53
94 -7
14 29
85 8
14 66
86 -10
31 65
83 62
14 60
93 35
31 56
82 18
21 12
90 18
27 54
85 55
30 39
91 9
25 11
85 9
30 -8
84 26
21 52
95 4
24 -5
89 56
13 26
88 -4
18 49
88 18
14 3
87 65
19 27
85 15
15 -2
83 20
19 7
90 8
26 40
88 0
23 35
82 19
20 64
88 4
21 41
90 43
29 2
83 -8
19 38
92 23
30 15
84 9
30 23
84 66
31 63
85 31
25 27
84 64
28 48
85 59
13 -4
89 39
18 66
95 11
25 -7
95 46
27 10
87 15
16 6
82 29
27 52
91 22
18 15
90 26
22 59
90 58
18 43
95 65
16 5
95 40
23 15
88 19
28 -3
86 42
27 -8
94 55
27 37
81 28
17 -10
86 50
24 -5
88 66
25 33
85 2
31 35
89 -2
22 62
87 60
31 6
88 45
19 1
95 53
22 4
90 25
24 -9
82 54
28 10
81 7
13 2
91 15
22 35
89 -7
21 64
88 61
22 11
93 2
17 61
90 34
18 -8
85 -8
23 39
86 31
14 -6
92 -2
18 59
89 45
18 10
88 18
18 25
84 -1
14 40
90 31
14 -10
86 -7
18 58
85 27
30 15
85 53
16 31
91 45
14 48
89 12
18 11
95 37
27 -7
83 5
13 49
90 -10
22 36
83 32
23 30
91 -3
30 52
93 15
28 7
88 0
21 55
85 -10
24 26
95 8
17 -4
94 35
24 62
95 17
24 -8
94 -3
28 43
86 28
21 0
95 55
18 59
81 45
26 51
94 36
17 -5
88 29
19 -8
81 48
18 23
83 57
13 49
88 48
13 4
89 14
21 -4
83 23
18 57
88 25
27 37
86 40
25 11
88 36
27 -11
92 12
28 33
95 10
24 29
81 29
21 -11
83 49
16 17
93 2
15 -3
85 10
16 -7
88 50
27 25
91 -9
23 54
93 9
20 6
93 25
18 38
94 30
25 53
90 24
13 7
90 50
17 36
84 50
24 45
93 17
22 42
92 18
23 24
85 38
19 58
85 27
15 23
86 57
17 -9
86 1
27 40
93 14
28 46
83 10
31 -8
87 66
23 48
82 63
14 17
90 63
16 -8
92 26
31 2
87 -4
25 19
92 54
29 60
94 40
19 38
95 24
21 12
93 -3
19 2
88 15
23 66
94 27
20 24
88 56
18 42
84 3
19 61
91 26
13 59
89 55
24 23
84 32
28 25
91 28
27 22
84 58
21 26
85 2
21 -5
89 60
24 44
91 4
25 26
86 3
22 3
86 9
15 -7
91 22
16 3
91 29
16 26
90 18
21 29
90 8
24 62
82 44
17 36
84 66
25 63
94 52
21 33
89 53
22 7
82 -1
15 30
94 18
25 50
81 13
17 40
83 8
26 22
87 35
13 34
93 54
23 -2
90 18
17 -5
81 12
18 51
82 24
14 51
93 42
30 13
87 35
28 60
81 61
22 29
86 -3
23 25
92 16
27 63
90 37
18 39
81 -5
20 21
90 -1
15 -5
93 29
20 52
82 17
16 41
86 1
29 29
84 -11
25 60
85 10
20 50
88 38
20 29
89 7
16 63
91 29
14 2
87 22
13 56
95 23
18 50
95 23
16 33
91 -11
13 28
82 44
30 30
90 45
30 48
81 44
22 41
90 -2
23 64
91 4
16 21
86 -4
30 62
83 6
18 15
84 15
14 29
94 -1
19 47
95 2
15 30
86 63
21 52
93 21
19 14
84 15
30 13
81 40
26 63
86 -3
18 -3
82 27
24 55
93 19
23 4
86 54
29 51
95 40
19 33
90 47
27 47
81 66
30 56
86 40
17 29
90 25
22 60
86 64
15 62
82 46
26 38
81 34
21 -6
85 47
16 -10
94 57
27 12
83 2
22 6
86 66
13 12
90 -4
25 49
94 66
13 -1
84 4
13 -11
89 59
19 46
86 21
29 28
82 57
17 57
92 15
17 35
95 4
20 27
91 26
19 44
94 14
20 59
84 63
28 -9
81 42
25 27
89 7
25 46
82 30
20 58
89 44
31 59
86 46
22 32
82 18
23 -9
91 24
30 12
82 31
31 8
81 52
27 -9
93 52
15 29
89 -4
29 60
81 8
26 22
95 61
31 60
81 35
13 44
84 35
20 51
83 -7
18 -5
91 27
30 10
90 35
20 -11
94 32
19 5
90 24
23 55
83 36
20 19
85 -6
24 35
81 54
20 28
87 0
29 -2
83 21
30 13
94 30
19 21
81 35
27 35
91 9
29 50
84 33
15 50
91 -11
29 39
89 27
21 -5
83 -4
26 11
90 34
21 57
90 9
28 32
85 10
13 10
87 14
21 -1
87 35
24 30
92 40
28 50
84 42
13 51
91 22
20 39
94 -9
14 27
92 30
23 56
95 10
22 43
94 32
21 27
90 -3
31 25
95 59
25 60
92 26
18 -4
83 28
13 11
81 37
25 31
87 30
26 40
81 59
15 48
92 59
19 13
87 65
21 49
93 19
22 54
92 26
28 27
88 -10
17 7
86 59
31 27
89 30
24 64
84 7
28 7
91 65
24 0
83 42
26 4
93 41
24 40
95 41
15 27
93 11
17 42
95 55
28 15
84 -7
15 30
91 -9
31 49
94 -9
23 41
89 31
15 28
87 9
26 -5
83 41
20 66
83 39
13 27
93 61
25 63
86 -1
17 65
93 63
28 57
86 -9
24 -6
91 50
18 29
94 -4
15 43
95 30
20 44
92 23
14 47
94 19
18 44
83 30
27 -8
85 51
20 53
86 54
15 -1
93 53
26 -10
83 35
18 41
88 -2
30 -10
82 11
19 11
93 52
16 61
87 19
26 30
81 36
20 19
89 36
20 49
84 1
27 15
83 7
16 35
93 24
31 10
83 45
31 0
90 59
31 34
88 47
23 54
95 53
23 29
89 -4
25 6
85 24
18 45
89 39
25 -9
95 10
25 5
84 5
14 7
90 -1
23 48
93 38
27 63
85 3
23 37
93 49
22 58
95 26
28 9
82 10
25 7
82 13
30 8
82 56
28 16
84 -11
27 34
83 21
17 52
83 18
26 35
90 16
16 -5
85 51
14 63
90 65
22 14
83 43
31 2
85 20
31 59
85 15
25 19
82 47
24 44
93 16
21 37
91 -1
22 58
85 19
17 44
95 -3
22 18
95 35
24 45
95 49
19 47
89 53
20 55
95 43
14 -8
95 33
21 53
85 44
31 15
92 10
26 3
89 22
19 30
94 52
31 17
81 7
29 42
82 36
26 66
87 2
30 -6
81 -7
16 51
86 64
26 34
94 31
25 14
84 41
25 16
94 25
29 21
87 3
31 -2
94 15
27 23
94 -1
25 36
83 -1
26 13
89 8
31 21
94 17
22 -2
89 63
26 56
91 58
14 26
86 -5
15 5
87 21
24 39
86 8
24 24
90 17
27 31
89 17
31 48
86 -7
21 -3
81 -7
21 50
91 63
18 18
93 62
21 2
94 13
19 10
91 49
14 39
85 55
15 46
82 0
31 62
93 -5
14 33
94 46
14 23
86 15
16 -5
82 -3
14 -11
87 49
20 65
93 16
23 -9
93 53
14 49
91 65
15 30
85 25
22 4
90 51
29 58
90 51
31 50
82 61
14 14
82 21
26 35
86 40
27 14
83 46
21 1
85 1
29 49
81 27
29 3
89 13
29 1
86 47
23 -11
86 -5
15 -5
87 17
16 64
94 -11
21 5
85 46
18 2
85 49
16 7
92 37
30 60
87 54
21 19
93 17
17 64
86 23
26 39
95 50
13 2
85 37
13 7
85 -3
15 64
83 43
23 27
82 36
28 63
85 26
17 18
90 -4
20 -11
92 -4
20 43
84 66
21 -10
95 64
20 64
84 -10
24 12
93 27
25 47
86 32
18 59
93 20
29 8
84 43
29 19
93 37
15 19
89 40
22 6
85 19
27 20
89 54
19 54
89 5
21 51
92 -10
26 1
89 -7
14 10
92 -10
29 60
89 52
14 36
88 -6
27 52
89 -5
30 6
93 38
17 37
89 17
28 35
92 3
21 1
88 29
21 -11
93 51
26 58
92 33
28 22
86 -9
28 24
87 2
28 47
86 52
24 66
82 27
20 60
89 -7
22 11
82 55
20 53
89 32
24 36
90 10
25 -2
93 66
27 -1
84 14
20 63
82 36
14 13
95 57
18 27
94 39
22 57
86 -7
26 27
95 27
27 -4
84 26
24 50
87 28
13 37
95 28
29 64
83 6
23 61
95 5
16 20
85 4
24 43
82 -8
29 6
87 38
15 -10
81 7
14 62
85 22
23 62
84 55
13 20
90 59
14 31
81 46
20 42
88 61
19 31
85 61
19 6
86 0
18 19
83 -3
24 26
81 37
23 2
93 42
20 59
90 8
23 -8
81 46
20 38
88 25
18 44
85 -11
20 40
92 7
22 58
86 -3
27 6
86 0
29 31
82 14
20 20
89 8
19 10
89 30
27 17
90 51
23 -4
91 44
27 13
88 57
14 10
88 61
23 43
95 8
26 8
92 -7
29 27
86 23
20 39
82 -8
21 41
93 51
14 17
92 7
23 52
86 35
13 24
92 40
17 12
85 -3
23 53
81 3
31 25
83 24
31 13
93 54
16 -8
83 -3
18 29
87 52
14 52
91 27
28 11
84 -2
25 21
93 27
16 19
95 61
23 -10
84 42
18 62
95 -8
19 57
90 47
30 5
83 23
13 14
88 66
16 51
83 59
30 15
90 53
23 50
85 40
13 54
86 27
20 34
83 -3
13 -8
83 5
20 -1
84 65
26 39
82 49
19 22
93 -9
21 50
81 6
26 63
86 46
18 34
89 60
14 -2
88 64
29 35
89 26
15 58
87 31
27 -1
95 16
14 -5
83 -8
18 34
92 51
23 28
83 41
13 -3
81 63
17 63
81 -4
29 2
81 39
16 46
87 13
22 34
93 50
26 19
94 58
22 24
83 55
27 5
92 47
17 52
91 59
21 14
81 42
15 11
91 60
21 56
83 8
16 8
87 25
19 33
81 14
23 -9
83 42
16 21
88 60
25 4
82 16
28 57
89 46
16 44
89 59
31 7
87 19
27 58
82 3
21 33
85 4
21 20
95 4
20 -9
81 19
16 38
86 -3
21 -1
87 19
21 55
85 0
31 50
81 38
16 -4
83 54
16 -8
86 37
17 10
91 64
31 38
92 57
19 53
90 26
27 32
88 29
25 28
93 5
13 59
90 41
26 18
92 40
15 59
90 6
29 23
93 3
31 60
86 20
30 49
87 20
21 -3
88 -5
22 12
83 37
28 55
84 5
18 30
82 -11
27 28
93 14
25 50
87 -4
29 61
95 50
28 46
90 18
22 53
84 53
13 -3
83 15
16 24
94 31
28 48
87 49
28 -1
91 11
29 35
95 64
15 56
88 34
27 40
94 52
15 50
83 64
30 50
87 33
28 32
84 34
16 17
91 40
31 51
94 21
28 41
87 39
16 27
90 28
26 59
85 16
16 40
82 40
21 43
87 20
18 -8
84 11
18 -7
86 9
16 8
89 15
29 22
86 53
21 60
89 50
23 16
92 34
20 1
93 1
14 52
90 25
23 10
82 65
31 -7
87 59
23 10
81 35
21 33
92 15
22 24
91 19
20 64
82 1
20 33
88 15
31 35
83 13
26 59
94 60
19 57
87 38
16 -7
92 33
13 66
88 3
15 46
92 35
28 59
86 3
13 49
85 60
21 13
84 63
24 56
85 30
24 42
93 9
17 46
95 22
31 24
81 57
18 31
84 58
26 61
93 65
18 62
91 51
15 26
88 2
19 37
83 52
31 34
93 -3
18 36
89 48
26 28
95 36
28 25
86 55
14 60
83 25
16 -4
92 52
22 -11
89 66
25 20
93 66
17 34
82 41
17 66
87 64
26 22
92 59
19 21
84 40
16 13
90 58
26 18
94 42
17 48
84 -5
20 4
95 28
31 30
92 43
29 14
81 17
14 35
91 -11
24 47
88 43
29 -1
85 52
23 -11
93 64
23 58
87 10
19 25
95 7
29 41
84 56
19 62
85 25
27 6
84 59
25 27
92 18
18 8
83 55
17 19
82 17
22 33
81 46
30 0
84 19
27 8
89 30
17 32
92 23
13 52
84 -4
19 -11
87 39
29 -11
90 56
27 -10
86 -8
16 34
87 64
29 -4
94 9
28 14
85 7
14 49
86 -10
22 -5
95 36
31 62
88 15
24 24
94 43
18 49
91 20
28 6
89 23
29 23
90 -11
26 54
95 16
16 66
82 60
16 54
85 1
31 -2
81 -6
22 20
82 19
22 6
91 9
15 56
94 48
15 48
88 49
25 -4
91 61
14 55
95 1
19 44
83 2
27 58
94 19
16 18
81 4
21 60
84 20
16 56
95 23
18 -10
88 62
20 43
83 31
21 -7
92 63
14 47
91 62
18 46
91 39
14 24
81 21
31 -11
82 27
20 16
88 5
22 28
93 53
23 45
94 25
14 22
88 58
27 10
85 30
21 28
94 53
27 18
81 -9
30 21
86 64
19 52
86 26
15 -8
95 7
16 -9
85 9
22 4
93 66
14 15
94 3
15 -8
93 29
14 8
85 1
13 23
84 50
18 40
93 11
26 11
89 54
17 11
85 -2
14 36
95 13
22 65
91 29
22 56
81 1
14 62
94 27
22 1
91 66
22 8
94 57
14 28
95 4
25 30
94 38
31 50
81 51
19 2
94 57
21 -6
83 56
23 44
91 -3
13 15
85 -9
25 -5
81 54
25 15
93 45
30 -6
94 17
14 41
85 16
14 4
89 34
24 36
82 65
28 0
93 30
22 30
90 50
19 4
94 3
25 17
93 -2
16 38
83 40
26 16
93 55
21 34
90 1
25 7
89 56
22 34
88 34
28 41
86 -5
23 -7
91 -2
16 59
87 5
20 -6
88 31
19 6
90 14
15 2
92 44
13 15
90 28
27 41
85 20
15 1
88 11
28 25
88 65
26 66
93 8
25 21
85 4
24 30
86 51
26 -6
88 53
13 50
91 43
24 48
86 30
28 11
90 54
15 34
86 26
27 46
91 16
25 57
82 0
20 -1
87 54
23 2
84 64
28 16
82 22
21 53
81 47
30 -2
82 35
19 -2
89 38
20 1
95 17
13 7
84 2
24 52
85 60
21 -10
88 63
29 37
92 54
18 42
82 11
30 57
83 6
25 12
84 5
15 3
95 6
15 -5
88 27
19 -3
83 57
21 17
86 5
20 32
93 1
23 65
89 -2
14 41
83 5
28 3
91 0
21 16
83 55
24 25
87 42
24 52
95 49
21 -3
82 58
24 18
84 65
25 54
85 32
20 22
85 3
14 60
93 -8
14 21
90 21
29 62
95 30
28 17
86 11
17 10
85 55
21 33
92 16
26 10
90 37
24 20
84 -10
22 56
83 61
26 12
90 29
27 0
86 15
24 44
92 43
15 1
91 66
29 -5
85 27
29 65
91 48
27 39
85 -8
16 31
85 49
13 -9
84 50
14 -6
95 -8
25 26
82 26
25 39
91 -5
23 3
85 23
25 21
86 58
19 43
81 60
16 36
84 51
14 -7
88 52
14 23
82 37
24 63
94 9
16 61
93 43
16 39
83 65
20 21
91 53
27 0
84 -5
23 49
92 19
22 53
85 41
28 49
85 30
24 19
92 -8
25 28
88 0
30 35
93 60
29 16
90 54
16 53
92 8
15 1
84 0
18 60
91 36
23 -3
92 -1
30 39
92 30
30 38
88 -11
16 0
86 62
31 39
91 66
25 43
88 50
20 63
93 4
16 47
93 10
13 39
92 44
26 40
94 51
27 37
87 56
20 -5
83 9
24 62
92 60
20 33
84 5
21 38
83 -3
31 60
94 7
15 56
90 34
29 59
87 51
23 59
88 40
27 3
84 -5
22 8
89 26
16 43
84 -8
13 24
81 43
20 9
95 -10
27 64
85 39
18 14
86 -3
27 53
83 6
23 20
84 26
30 39
81 52
24 -10
88 -10
25 45
93 32
15 46
89 -3
21 29
92 60
29 59
87 23
26 0
88 -5
23 41
93 59
20 58
83 18
21 11
85 45
18 3
92 66
27 33
83 64
25 60
90 12
25 10
88 9
13 -3
84 -8
23 37
82 51
27 18
86 48
28 39
84 -10
27 27
94 -3
17 2
86 28
23 13
92 9
30 58
82 45
27 33
93 26
18 21
83 -7
19 30
86 51
26 19
88 17
21 31
84 11
15 30
93 51
14 63
86 50
23 11
85 60
13 15
89 21
24 48
88 31
28 -11
88 53
26 30
95 37
23 39
93 50
21 22
92 18
21 17
89 12
29 47
92 57
24 15
82 55
17 25
85 18
28 24
82 6
15 46
94 21
18 54
88 60
16 56
88 16
30 2
91 36
26 35
94 -10
15 -2
95 18
15 64
86 21
26 41
87 -2
16 33
81 0
14 52
88 18
23 43
93 9
24 -4
91 51
28 43
87 14
28 19
93 48
28 52
89 27
17 58
90 7
30 56
92 5
26 22
88 44
15 -9
84 -11
21 4
86 30
16 64
81 22
31 32
83 -7
30 -6
95 4
26 58
93 49
15 52
92 50
13 61
95 45
31 52
81 51
27 7
88 9
24 30
92 9
22 6
88 51
21 35
81 36
21 50
93 6
28 46
82 59
15 55
91 15
14 -6
82 -9
24 52
89 6
21 14
95 22
13 2
90 32
14 62
90 7
15 59
81 19
17 3
82 40
25 10
86 21
16 26
87 18
18 24
85 37
15 23
82 -8
27 66
86 45
21 26
93 45
31 -1
84 18
25 47
93 21
17 18
86 -4
22 39
91 27
30 21
83 35
17 29
84 53
19 13
88 28
23 56
83 30
15 42
82 18
14 39
83 30
22 66
87 34
29 51
92 23
16 2
91 23
30 20
93 9
24 30
86 56
25 65
84 -3
19 39
92 52
13 39
95 -10
14 14
94 37
16 40
83 43
14 52
89 7
24 -2
83 39
18 9
94 20
16 36
86 65
17 17
83 8
17 54
92 66
30 55
89 39
17 18
84 42
19 32
84 -2
13 -1
90 -9
25 65
88 15
27 13
90 31
20 52
88 19
26 -8
86 52
25 15
81 47
26 57
83 9
18 22
82 24
13 56
94 12
28 10
87 0
14 41
87 14
13 26
82 0
28 -5
84 -1
21 27
94 27
24 20
83 0
31 5
89 47
21 50
88 39
16 48
91 17
29 26
84 11
27 20
82 5
16 -4
87 37
23 62
90 40
28 62
86 58
15 -3
88 34
19 19
86 14
16 18
92 63
20 46
84 30
23 18
82 44
30 51
92 49
31 29
87 1
30 35
81 63
14 -9
87 35
14 -2
86 61
18 64
92 16
20 25
87 32
13 15
89 41
29 63
91 62
29 6
85 10
13 27
86 29
31 -2
86 12
15 19
90 46
13 53
82 48
22 42
88 27
15 62
82 6
26 13
93 -6
16 37
92 16
31 61
82 66
28 14
82 39
26 6
81 21
29 3
83 43
19 56
92 35
17 -7
90 21
20 65
85 58
31 3
93 -7
15 24
87 56
24 42
91 55
17 9
84 63
21 52
87 41
15 31
86 53
31 23
84 63
20 -5
82 45
13 23
93 45
18 53
81 -8
13 24
93 49
27 29
88 1
28 -4
85 16
29 -5
89 7
24 49
85 11
27 48
87 -3
14 0
86 52
23 49
94 3
28 25
81 62
19 -7
86 41
17 10
82 50
14 4
93 35
22 62
84 53
22 36
86 8
30 26
89 -6
31 10
95 4
27 33
95 -5
20 62
85 -1
13 48
90 10
18 40
92 40
13 25
94 39
22 -1
88 2
14 14
85 34
20 4
81 -7
30 9
85 -3
17 7
85 48
18 7
82 41
18 37
82 5
14 2
90 56
18 -3
93 10
29 15
88 19
26 38
86 -9
31 61
95 52
25 24
91 56
19 15
84 61
26 6
91 48
17 16
91 -7
19 18
86 58
16 31
85 36
29 22
92 1
19 27
93 6
26 59
90 65
29 65
95 60
25 20
89 63
13 17
90 32
13 43
83 52
27 22
90 27
31 49
92 60
15 37
86 60
19 34
90 26
15 0
88 -2
25 -1
90 -11
27 23
87 63
23 45
83 24
28 58
88 -5
16 35
90 38
18 55
91 51
24 0
82 16
26 18
88 32
25 59
90 45
24 5
88 4
27 50
86 51
22 63
87 -7
18 8
81 25
23 13
84 58
22 9
88 -3
18 49
92 56
15 13
88 47
24 64
83 51
16 13
84 -1
23 55
81 1
13 63
85 31
18 35
91 44
18 46
95 55
30 5
89 32
14 17
86 47
26 63
87 50
31 28
95 29
19 53
83 1
17 -11
83 -9
15 5
87 52
18 10
94 25
13 23
89 44
21 -9
89 -2
26 -11
88 36
31 3
81 34
20 1
88 -1
18 1
90 26
20 8
84 42
29 41
93 17
22 57
84 60
29 30
82 35
30 40
90 -2
20 14
82 32
31 0
83 44
22 54
87 20
27 55
87 65
20 62
86 16
28 49
88 22
28 19
88 32
27 6
85 36
27 45
91 -4
21 5
95 59
17 16
83 55
13 46
86 23
14 30
91 54
21 21
92 64
25 38
81 5
15 32
82 25
28 42
82 57
13 45
82 40
24 50
88 38
31 -7
86 3
29 55
95 35
13 66
86 50
19 52
95 54
18 1
90 17
18 6
91 -4
31 45
89 17
15 65
86 18
19 -7
86 42
16 11
84 59
24 4
83 59
26 -8
94 46
31 47
89 48
20 -7
92 37
19 42
89 -11
21 65
95 20
30 40
90 -9
30 45
90 6
30 64
85 61
25 61
82 11
23 25
84 17
22 37
83 -10
20 14
92 14
29 -3
91 22
26 30
86 44
27 46
82 2
27 48
83 50
27 25
92 44
20 25
84 52
17 49
89 48
21 32
88 26
25 30
91 50
23 44
95 13
20 49
95 56
13 11
86 33
18 -6
91 20
15 -6
92 65
29 47
93 39
22 31
88 41
13 19
92 27
29 62
94 9
26 -11
87 63
16 -2
83 48
13 29
91 -5
31 -5
88 -1
18 1
94 26
16 37
90 -2
13 64
87 54
25 50
88 15
15 6
90 1
13 58
82 58
16 51
90 43
16 18
86 -6
26 42
89 6
23 22
88 -9
17 14
88 40
31 64
82 64
13 -10
82 7
31 49
94 41
23 23
92 52
30 60
87 44
28 51
86 8
17 -11
94 36
14 0
87 0
28 38
93 17
16 63
92 59
31 -5
87 12
21 40
86 -6
14 16
88 57
22 22
81 17
31 48
83 25
31 64
87 46
20 23
92 13
15 -6
95 26
20 28
94 19
31 35
84 23
16 63
81 24
25 22
85 30
26 29
93 53
14 14
89 50
29 -10
85 56
21 40
83 63
18 53
93 -9
28 29
81 18
14 -1
91 60
19 -11
94 26
20 1
95 44
30 5
93 63
17 12
81 19
19 29
83 54
29 20
81 48
16 -7
95 -4
23 42
81 -2
14 52
94 61
16 58
86 51
23 5
88 20
25 60
95 53
19 27
86 49
31 37
90 1
26 47
85 56
24 37
85 53
31 33
95 47
18 25
85 10
30 -11
83 2
13 53
91 16
26 47
82 5
24 45
92 -9
31 65
94 8
28 7
82 46
27 59
83 65
21 46
94 -9
26 11
95 -10
17 11
82 50
24 4
88 47
16 -4
85 47
20 -9
93 -9
28 0
93 23
16 64
92 21
30 -9
87 51
28 18
93 27
22 30
82 -8
14 -11
83 66
31 10
82 29
20 24
91 12
27 -9
94 -11
21 56
93 20
23 7
94 60
23 45
83 65
26 -7
92 42
27 29
89 56
16 -1
89 52
17 39
83 59
26 4
94 46
26 42
82 41
31 -7
91 7
28 17
91 19
19 62
95 3
30 -3
93 36
30 49
86 31
27 58
85 51
25 16
87 56
20 -9
87 13
22 27
81 5
22 -2
91 65
16 -9
84 57
27 32
86 -4
20 36
83 25
25 23
81 62
16 29
92 3
14 43
83 65
14 19
89 19
24 0
82 61
25 57
84 18
18 16
95 -2
30 26
93 24
15 4
81 -6
19 31
88 36
22 -4
91 22
14 -1
95 16
28 59
94 1
16 0
90 33
18 45
87 23
24 65
81 54
26 38
82 36
30 28
81 50
17 29
89 -6
16 47
84 38
23 20
83 1
30 -8
83 -9
31 -1
86 42
16 45
88 -11
19 21
88 59
27 32
90 56
30 36
85 -5
21 22
95 46
17 6
93 46
27 64
93 46
18 63
83 61
14 61
87 48
23 59
87 64
15 43
83 58
23 54
82 18
24 19
86 23
30 66
83 34
30 40
85 21
27 46
92 39
13 10
88 -5
15 21
92 44
18 35
86 -1
21 10
91 20
27 65
84 66
13 18
81 61
20 8
94 17
21 -8
82 46
22 -1
93 33
18 6
84 18
25 34
91 64
18 45
95 6
26 34
92 -9
16 28
87 44
31 -10
84 24
18 50
95 -4
27 17
81 53
19 11
88 48
30 21
88 -6
26 53
93 32
13 6
81 -6
16 8
82 4
16 32
90 43
28 4
85 37
14 52
83 27
18 16
87 14
23 44
84 37
28 -8
82 11
27 -3
88 44
17 55
85 65
25 10
91 25
17 53
94 46
29 58
95 23
24 54
86 45
28 29
89 22
17 56
89 59
31 50
81 42
20 57
90 47
31 43
95 64
26 41
87 56
21 11
90 29
25 50
85 19
19 34
85 33
16 8
91 -1
21 24
81 18
18 54
81 54
28 43
90 20
21 6
90 11
23 10
86 15
20 20
95 44
19 59
92 1
18 26
85 58
25 -3
81 36
25 46
86 53
18 14
81 1
24 4
82 20
21 36
94 8
15 53
90 16
30 63
84 34
26 51
84 44
26 -5
89 32
31 54
83 64
31 63
85 -7
18 61
90 14
31 60
87 59
31 36
91 52
29 -2
84 16
23 5
92 58
14 -4
88 2
20 52
93 24
25 66
85 37
16 42
86 52
20 7
86 42
23 41
84 -3
28 35
92 21
21 7
95 51
31 46
95 37
14 54
87 40
18 63
82 -4
13 62
83 35
28 14
82 45
30 55
91 0
23 39
83 64
31 56
90 32
18 24
83 28
20 37
92 53
31 1
90 60
15 31
94 65
16 56
81 35
29 30
81 56
19 40
85 20
29 13
84 55
31 27
91 49
28 35
91 19
27 57
88 33
15 30
88 -10
13 8
86 24
25 43
88 40
22 0
86 36
24 46
86 34
24 29
85 21
18 12
83 57
20 53
89 14
28 16
86 47
30 12
86 -4
16 58
81 44
19 30
88 5
17 -2
92 5
16 55
90 48
23 49
86 -8
18 0
92 64
29 -7
89 25
23 38
89 -6
17 -9
88 10
28 52
94 31
13 65
83 11
28 45
85 14
25 47
90 25
14 24
82 20
16 5
92 34
21 -1
84 -5
31 0
93 24
22 3
81 35
23 25
90 15
31 11
92 20
14 48
91 62
25 -11
93 23
22 60
84 22
30 47
87 33
20 6
86 4
18 46
86 11
17 -8
93 -4
30 39
87 45
23 45
91 15
18 -6
82 63
27 57
87 19
21 7
87 57
23 43
82 34
24 35
88 15
20 54
84 13
22 11
93 36
27 21
83 47
13 51
82 53
26 50
83 40
18 58
94 4
27 15
84 45
28 66
92 60
18 4
89 41
20 37
86 28
19 62
91 58
29 12
89 49
24 39
85 52
31 -8
84 53
17 -1
84 40
15 13
93 13
20 1
82 66
24 37
89 30
18 46
90 40
22 5
85 53
21 62
89 46
13 39
94 45
15 24
81 9
14 41
81 9
17 10
90 13
14 -3
94 2
30 15
81 35
16 65
87 47
16 22
91 9
25 19
85 33
25 44
87 63
22 -2
84 60
17 4
85 39
28 51
94 28
18 17
90 -8
20 58
91 37
21 38
81 46
22 5
85 6
24 56
86 40
23 -3
90 46
15 2
90 64
19 59
82 52
18 11
84 65
21 -11
89 4
25 4
82 -11
30 64
89 -8
29 48
91 1
21 39
82 58
18 15
90 27
18 -9
89 57
14 29
82 55
29 29
82 28
16 16
88 54
16 -4
95 27
19 62
93 50
31 9
91 47
30 57
87 4
19 59
92 7
26 10
93 11
31 27
92 56
24 -11
82 28
24 62
90 -10
21 17
90 53
25 26
86 33
22 2
84 10
30 4
85 54
27 12
93 66
25 37
91 66
28 10
91 -5
16 5
91 23
28 59
95 31
28 4
90 -3
24 58
90 22
24 35
92 10
24 46
89 -8
26 26
84 64
19 59
91 13
18 56
86 -8
16 46
81 56
14 43
85 11
13 21
88 19
26 14
88 9
20 11
95 48
30 43
93 56
20 27
85 22
25 10
88 53
15 20
91 11
31 46
83 48
20 38
81 29
18 30
90 17
28 23
88 61
23 33
85 24
22 13
92 -2
27 43
83 63
31 16
88 10
28 2
84 36
26 31
88 26
28 37
93 35
13 42
91 31
23 12
95 40
19 6
91 32
24 22
82 46
31 24
84 35
17 -8
87 28
22 -9
94 46
22 2
83 -7
13 55
95 52
31 63
82 -2
18 63
92 24
27 8
86 58
21 32
82 -8
27 -9
87 59
28 57
95 -6
17 65
93 37
19 -5
89 43
29 37
86 6
27 33
95 42
28 6
90 58
28 20
91 -5
21 54
87 4
17 66
89 26
28 47
92 56
25 59
86 56
23 -3
85 2
29 26
90 27
27 -1
84 3
29 -9
92 41
24 36
84 61
23 27
92 38
26 57
81 22
16 22
94 17
28 46
84 4
18 47
91 37
24 50
95 49
18 21
92 -9
13 42
85 15
24 -4
82 -1
19 54
88 24
13 4
81 0
23 16
93 55
23 47
94 16
13 65
93 -6
22 61
89 0
15 50
88 28
30 52
86 4
13 59
90 9
25 52
89 47
22 25
95 66
30 50
93 25
17 52
87 57
13 39
85 44
25 28
91 40
13 32
81 42
20 55
83 32
23 -6
87 59
14 36
85 -4
29 62
92 57
29 -3
94 56
14 49
87 58
15 28
82 40
16 47
81 29
25 -11
84 14
14 -5
85 63
14 54
88 51
15 14
88 59
22 49
84 58
27 -8
88 58
16 -9
91 64
25 8
91 23
16 9
81 -9
26 17
92 18
16 47
88 15
15 4
85 56
20 -6
89 7
26 8
91 18
21 42
81 49
30 2
94 59
15 15
90 -2
31 10
85 37
19 19
93 51
25 10
85 61
27 -1
82 52
24 39
94 17
16 8
83 15
15 44
87 33
21 29
81 25
24 60
87 29
25 19
89 8
30 43
95 17
21 -7
88 60
24 -5
89 -3
17 -1
94 -2
30 -9
93 36
26 -4
83 43
21 0
89 13
21 8
82 60
31 -4
87 -1
13 51
83 32
23 21
84 6
26 24
84 25
15 46
83 19
24 27
90 54
30 -11
93 57
14 -6
88 33
18 -7
84 -10
26 25
87 47
16 35
94 0
21 18
92 58
28 -9
88 62
30 44
92 28
13 39
92 14
18 30
81 62
13 63
95 51
13 58
85 -10
16 34
91 35
30 26
83 -6
14 25
82 18
14 56
89 8
16 36
84 62
31 53
84 23
19 4
94 59
23 28
95 38
23 22
84 20
19 -6
91 48
29 31
86 -6
31 45
88 39
20 36
82 3
24 3
90 60
18 6
87 53
30 46
94 29
22 -7
95 50
14 -4
82 40
26 20
90 21
20 48
83 52
19 16
88 0
21 65
91 61
20 57
92 38
27 11
93 26
24 22
87 25
19 30
88 30
31 33
95 48
14 44
91 -7
30 12
91 35
30 9
83 4
17 16
89 24
21 15
95 15
23 60
92 -10
28 38
88 23
26 4
82 59
28 28
92 41
20 29
81 50
25 28
92 38
22 30
83 5
14 47
90 16
23 43
82 53
31 9
81 8
29 3
89 -6
26 25
82 54
13 18
89 -2
20 14
90 52
23 33
82 -5
25 60
88 42
13 1
94 39
17 27
82 63
25 -8
94 45
21 -2
92 55
21 59
88 24
29 23
83 23
17 38
95 -9
29 41
92 28
17 62
89 63
22 -8
83 25
20 11
92 13
19 -4
91 37
23 55
95 63
21 42
81 40
23 38
90 5
25 48
83 54
27 5
89 27
20 21
95 22
14 27
90 2
22 9
82 63
22 5
85 -3
30 39
93 32
15 2
83 11
31 3
81 66
28 38
84 18
28 1
84 24
26 58
84 8
19 49
94 14
15 52
94 35
13 32
95 24
20 10
90 18
20 6
83 5
31 33
88 8
31 -4
88 19
24 41
92 5
18 59
84 0
26 15
81 29
20 7
81 65
25 -6
93 42
13 -6
82 27
29 4
94 46
26 0
82 16
15 25
93 65
17 25
91 22
26 33
95 20
28 38
89 -9
28 -5
94 15
26 63
92 57
14 10
86 1
21 23
88 62
13 50
86 65
22 47
88 48
19 -7
88 -2
23 59
92 46
24 5
84 6
25 36
82 -9
23 -7
86 39
27 20
94 47
22 56
86 51
17 26
90 61
18 -4
88 34
21 59
94 -7
20 25
93 38
15 17
93 13
30 4
81 9
25 59
93 0
15 45
93 47
30 7
89 24
27 51
81 -9
31 -7
92 2
19 45
84 13
16 2
90 6
28 61
83 13
18 27
94 42
26 -1
93 -1
29 52
88 -8
16 14
87 41
17 57
89 37
17 16
93 21
18 59
92 7
21 26
82 47
14 45
81 60
22 5
94 33
16 44
90 38
24 48
81 49
23 55
89 13
18 42
87 -6
22 -5
81 0
22 32
84 8
14 41
85 5
15 11
85 58
23 -3
95 -10
20 30
90 34
31 60
93 61
14 65
87 59
16 -11
87 64
16 11
95 33
23 -4
90 53
26 60
84 17
17 63
93 36
29 31
81 34
16 23
91 20
26 56
84 3
21 44
89 51
16 45
89 13
22 55
83 32
28 6
87 1
15 13
84 18
28 41
90 -10
16 54
89 7
14 -5
92 11
28 60
85 1
19 1
87 3
16 64
93 0
17 -10
90 -5
29 -1
93 58
21 49
88 37
29 42
85 -9
19 65
91 60
17 -2
89 9
21 59
92 -11
19 58
83 21
14 1
90 35
25 40
81 24
28 -3
84 48
29 11
86 60
22 53
92 30
25 9
83 61
24 12
89 18
23 51
89 24
16 66
83 9
31 37
88 24
16 0
94 57
20 17
92 -6
28 14
86 54
18 24
90 -4
26 49
94 11
13 37
83 31
22 57
83 38
14 56
90 33
14 39
94 24
15 34
89 9
21 3
92 55
18 34
81 -4
27 0
81 11
30 4
88 -4
31 65
95 60
20 1
89 56
21 61
94 58
23 59
90 0
28 36
89 22
20 12
86 9
29 36
88 33
18 46
94 7
17 47
81 60
19 39
91 22
25 51
95 51
13 54
89 27
19 12
87 16
21 0
86 48
18 56
83 11
13 43
94 -9
22 -9
82 22
15 -5
88 36
31 58
92 12
21 -6
85 30
25 22
95 -9
30 54
89 42
15 53
82 40
20 55
83 42
14 65
84 60
14 42
89 40
31 66
81 12
28 24
88 -1
30 -7
89 24
30 41
95 62
26 53
94 47
31 10
88 9
22 9
82 -9
26 20
87 56
28 16
84 52
30 15
87 -8
14 4
89 10
14 16
84 -5
19 2
83 60
20 15
94 22
15 44
95 8
13 28
86 56
13 10
93 -10
22 16
83 17
15 60
86 48
31 33
93 28
22 -9
83 32
17 63
89 13
25 50
91 26
24 -9
94 56
31 47
90 9
27 40
90 66
24 65
88 60
26 63
90 11
19 4
87 44
22 58
84 29
13 12
91 42
31 -6
94 65
23 0
86 9
15 34
95 24
17 16
89 -3
20 1
82 -10
30 13
83 56
30 25
84 7
30 24
82 24
25 3
89 42
27 20
89 55
25 59
92 31
31 -9
90 11
23 47
95 31
16 18
92 37
31 55
94 65
29 27
82 3
26 34
84 45
27 58
89 14
15 7
95 49
26 6
83 24
16 -6
90 -3
22 25
95 39
15 11
88 65
18 49
91 53
21 48
81 -7
13 26
95 1
21 63
85 14
29 43
85 55
31 54
86 33
28 -9
95 37
18 32
94 25
19 -2
95 47
21 3
86 8
13 30
82 -5
31 43
92 -11
26 59
95 57
19 30
92 -8
23 45
94 8
29 65
94 13
18 16
86 43
30 6
95 60
31 43
89 35
15 48
87 56
19 3
94 -1
30 58
82 38
25 32
83 8
30 62
95 15
24 15
89 59
26 14
84 42
19 1
85 27
17 35
81 41
31 23
92 5
17 14
83 40
25 45
89 48
23 30
95 41
24 27
89 1
26 46
87 61
14 53
92 30
19 -1
88 60
31 16
87 65
25 14
85 32
26 8
92 21
21 0
91 17
28 17
88 2
15 44
94 44
29 29
82 42
15 1
92 61
16 23
82 31
14 58
83 1
19 0
92 38
15 18
83 10
25 57
89 4
28 31
92 26
21 55
88 21
29 26
81 57
15 8
89 -9
20 57
92 66
25 -3
84 40
24 65
88 6
22 19
81 22
27 -9
90 44
27 0
87 36
17 53
83 58
29 36
86 62
21 24
93 6
19 32
91 -8
22 31
87 46
26 19
87 33
22 50
87 18
16 20
82 60
22 52
82 40
16 23
89 37
14 58
94 25
31 24
94 42
18 27
92 10
30 61
83 -10
16 -2
88 -10
26 45
88 24
17 24
94 40
31 22
83 51
24 5
95 25
21 -2
81 -11
22 10
85 5
19 25
84 39
25 14
90 2
13 62
89 11
29 25
86 40
26 12
89 61
19 -6
85 29
16 37
88 29
20 0
84 24
20 -10
85 10
23 -3
81 46
29 51
89 2
17 -9
91 56
13 38
85 4
22 59
83 7
13 7
83 48
14 3
92 -5
24 41
90 58
28 1
94 32
28 44
86 33
25 59
92 23
25 34
85 6
16 16
81 16
17 61
93 -7
27 43
94 -9
16 54
87 28
17 9
82 41
15 -1
92 -6
15 20
81 32
14 28
91 3
29 63
87 1
31 17
82 -7
24 43
90 50
24 45
95 9
13 -6
82 12
23 8
89 35
27 7
84 16
30 -11
84 13
13 -1
91 31
22 -8
86 10
15 20
82 16
24 -6
95 24
24 9
94 -8
17 26
83 57
16 28
84 2
25 25
91 2
20 41
86 52
16 -10
91 1
26 28
94 58
25 26
95 21
26 24
84 64
24 24
83 -11
28 21
93 2
22 18
86 3
28 20
94 -3
15 24
85 32
13 0
83 8
28 50
84 -5
15 -2
85 30
16 7
84 8
28 22
81 7
15 48
81 33
29 -1
92 13
30 13
94 9
25 13
82 0
24 29
90 -7
23 65
82 62
21 54
87 33
29 64
86 50
18 34
82 37
13 20
91 40
13 0
93 7
27 -1
92 39
21 14
90 -11
30 39
92 7
26 55
95 24
27 64
83 9
21 14
90 36
18 29
90 0
17 58
95 5
29 -3
81 19
18 59
84 24
13 -7
92 46
22 54
91 22
31 1
82 43
18 39
82 60
28 11
88 32
15 50
83 60
30 36
92 -8
30 -7
92 49
14 30
93 45
29 21
92 2
30 32
83 48
22 58
88 46
27 -5
91 45
27 20
86 -2
13 12
93 6
17 39
89 2
16 56
81 58
28 19
89 5
22 39
91 1
27 -11
94 44
16 30
94 13
15 0
84 39
22 62
91 28
20 56
94 25
25 32
87 16
13 49
95 8
18 8
89 62
28 17
82 42
29 1
93 30
14 49
85 -4
18 -8
86 -11
30 37
93 65
31 53
92 4
30 36
91 17
29 33
90 52
22 -9
90 3
22 5
91 55
31 58
84 -7
18 37
94 3
21 30
82 -1
24 4
94 40
14 -1
91 17
27 -9
82 65
15 -9
94 37
30 7
91 61
31 27
82 20
13 20
85 45
14 24
94 16
31 31
93 52
16 18
82 -5
31 44
95 25
27 62
82 14
21 10
91 -11
18 35
89 57
21 43
91 66
27 52
95 0
15 15
87 -4
20 27
92 25
29 62
95 11
30 46
90 -2
24 33
87 -1
24 7
81 56
15 64
81 22
28 31
82 54
20 8
85 12
19 52
82 39
19 22
91 44
25 8
82 30
25 63
93 43
22 -10
92 54
21 49
87 -3
21 32
86 32
13 34
89 9
19 16
90 56
24 32
95 11
20 19
94 16
27 3
90 36
14 64
82 31
28 -7
84 22
23 13
88 28
17 32
86 39
22 19
88 -9
18 50
85 26
28 55
94 7
23 6
86 36
30 38
83 12
13 1
89 -9
24 -7
92 18
21 39
92 29
14 8
85 44
28 7
95 61
13 -11
88 26
22 17
82 49
15 35
86 21
27 0
86 34
25 14
87 53
25 43
87 45
15 36
84 42
19 36
90 39
21 0
90 32
14 61
83 6
13 48
88 37
18 22
95 25
31 57
89 51
21 16
88 6
31 13
81 29
20 58
81 8
21 38
87 8
20 54
86 22
24 25
92 6
21 65
83 45
27 43
94 50
31 -8
81 44
28 10
89 37
31 18
83 59
21 18
82 33
26 16
91 30
14 49
82 22
30 51
93 35
16 -9
83 58
13 19
86 49
24 3
89 31
20 65
95 61
15 13
82 62
28 6
88 54
28 34
87 -4
16 49
92 34
25 22
93 7
27 21
89 3
30 -1
81 57
21 58
90 3
31 -10
85 6
13 13
89 62
15 -9
83 65
25 -5
94 15
31 18
95 41
19 12
90 -3
28 12
86 9
17 27
91 46
30 61
81 25
29 45
89 54
22 51
93 61
25 45
92 18
20 3
84 7
15 9
93 10
28 -9
93 -4
29 43
83 48
30 28
92 33
26 66
94 15
14 33
87 41
18 7
94 18
29 24
81 10
24 -9
88 37
27 51
86 12
15 9
85 25
19 39
89 43
31 50
91 22
20 18
84 38
17 57
93 20
13 14
94 48
31 33
92 -1
25 24
82 5
18 55
85 3
24 -7
84 26
21 66
87 3
20 -4
94 16
24 30
82 -11
26 21
89 33
14 28
82 -6
31 55
94 18
25 13
86 59
18 0
90 33
18 -11
92 57
26 11
95 49
14 14
85 -9
14 31
93 22
31 -10
81 16
24 27
81 10
13 66
82 57
23 10
83 -11
30 60
90 46
28 52
87 45
20 39
90 6
26 -5
95 35
21 56
90 42
16 19
87 28
26 55
89 8
19 3
83 47
21 54
83 17
18 44
88 -1
19 32
81 59
29 16
93 52
20 2
81 32
26 1
92 12
24 1
85 26
13 56
81 28
17 -6
85 43
23 40
88 27
20 30
90 33
29 58
87 24
18 34
89 65
22 50
91 -3
26 59
94 66
25 53
83 53
27 16
85 -9
30 44
83 63
15 9
83 54
19 37
86 61
26 -9
83 12
14 59
90 26
14 17
84 60
13 64
90 50
24 37
88 -8
31 -8
86 10
19 7
87 3
20 49
95 48
26 18
87 14
14 4
92 50
23 38
87 24
20 51
88 9
22 49
82 -4
26 -10
86 26
29 4
88 52
26 -1
81 -2
28 -11
81 27
16 36
93 25
21 14
89 3
26 28
84 30
17 26
91 52
23 -6
89 25
26 41
87 35
21 55
82 -10
24 29
90 48
14 -1
95 -5
21 27
82 34
26 23
87 66
31 52
81 -2
31 52
82 27
23 6
81 66
18 1
91 39
14 6
86 29
27 66
81 1
18 35
94 4
19 61
84 40
20 44
94 14
31 -5
93 44
13 9
88 -5
16 21
90 23
13 55
82 15
16 11
82 -9
14 63
93 59
20 50
85 14
24 42
89 18
28 53
93 49
22 0
82 55
29 62
83 60
29 64
92 15
22 25
81 -2
13 64
86 -10
27 11
82 63
29 44
85 24
28 49
81 14
31 24
91 3
21 53
91 59
24 -6
93 20
17 64
92 41
17 9
81 47
16 20
91 7
20 -9
85 -11
28 11
91 22
25 56
93 54
31 -6
93 3
20 15
82 -9
14 53
90 13
15 47
85 15
16 48
90 65
21 38
94 13
23 40
94 17
15 17
85 60
27 12
86 11
14 20
90 39
31 17
83 40
24 -10
87 65
30 62
83 11
17 11
92 4
13 16
92 53
14 53
95 5
15 33
92 -3
22 1
89 4
26 -6
90 17
14 5
83 6
18 12
85 -6
26 25
90 58
23 58
84 35
19 3
82 4
15 40
85 44
21 50
94 -6
31 -2
94 62
14 -2
82 54
18 18
83 45
23 8
87 46
15 -8
84 33
19 56
85 64
27 51
90 -7
24 12
93 22
18 9
92 -3
21 35
86 29
15 60
82 31
27 33
94 -10
17 14
90 4
27 44
88 -6
13 32
90 23
21 36
95 10
23 63
87 36
22 -9
92 58
25 -5
82 25
30 21
91 9
14 22
95 11
15 64
93 -11
27 54
92 47
22 41
89 -10
24 -2
91 31
31 -2
87 52
19 5
94 5
31 -2
90 -5
19 10
86 -8
28 -5
82 26
22 4
87 -6
17 64
85 6
30 -5
90 62
15 59
83 -3
26 20
81 23
16 -1
92 22
13 59
93 17
18 6
93 37
30 50
81 17
14 27
94 3
25 -7
87 26
21 7
86 49
16 9
83 1
22 47
93 29
14 20
87 15
21 51
84 -3
30 17
82 -8
29 49
95 50
27 43
89 28
18 5
91 61
26 28
85 63
25 18
90 36
22 -6
89 -3
25 37
87 1
21 21
87 53
23 49
84 18
22 7
90 -2
13 30
85 38
28 27
81 38
31 21
91 17
21 58
83 -7
22 21
89 4
15 48
90 -11
19 16
82 44
29 66
92 47
15 8
83 59
19 14
81 14
30 26
93 11
24 30
92 63
31 9
86 -2
14 30
91 9
13 34
90 53
31 1
83 23
17 13
89 56
24 34
86 -5
24 7
82 0
14 -7
94 21
16 35
93 42
13 46
95 46
19 9
92 36
14 27
84 31
21 47
94 0
26 35
93 47
20 12
88 13
22 43
93 -10
21 65
91 -1
21 16
88 46
20 50
86 47
17 47
83 50
20 -7
88 2
17 56
81 54
24 29
81 56
29 34
84 56
23 11
86 65
23 6
95 63
31 -7
89 38
31 45
90 39
24 -7
85 50
27 24
88 50
29 54
89 31
17 7
92 15
26 48
93 56
21 -9
88 15
23 7
93 36
25 -4
89 24
31 23
82 21
16 61
90 6
24 4
85 2
29 58
94 12
28 3
85 15
24 42
82 18
24 66
86 63
19 36
82 34
13 66
86 39
18 31
93 -9
17 17
92 29
21 22
90 37
23 42
92 31
21 38
84 40
28 9
92 22
25 18
81 65
27 -11
95 -11
18 6
83 39
30 63
82 31
15 43
81 16
21 -2
90 47
28 30
89 -5
18 46
84 18
24 29
82 3
23 43
90 -1
14 62
91 33
18 40
93 10
30 38
95 45
24 7
92 5
17 63
81 60
14 1
88 28
29 16
91 9
25 35
88 42
14 30
84 50
14 -4
92 58
19 20
88 54
18 2
81 20
25 43
93 2
29 63
82 36
13 -5
84 45
16 38
89 33
18 18
84 -6
27 49
90 32
30 11
93 2
20 22
81 62
19 58
90 -6
15 -1
91 29
31 59
91 9
23 16
88 49
16 31
89 60
30 28
90 54
18 5
85 64
30 63
82 27
18 17
89 20
24 34
87 23
25 56
91 46
23 57
87 41
16 43
94 -5
26 49
94 45
15 40
83 65
16 63
82 51
20 46
95 58
24 54
88 30
31 18
89 11
20 -1
81 19
29 36
83 19
31 26
90 45
13 29
85 -4
19 58
91 27
29 52
90 40
29 44
84 45
27 52
91 22
29 -9
90 26
14 -11
81 18
26 43
82 64
30 0
82 -9
20 41
92 46
22 60
81 55
20 12
92 22
25 11
90 48
13 -9
93 13
17 25
86 57
15 49
86 46
16 9
91 41
18 40
91 -2
21 0
94 59
31 59
92 59
13 31
82 6
15 9
95 64
30 5
90 36
16 19
81 65
30 54
86 11
18 20
89 21
17 47
85 44
25 -11
86 32
13 66
94 54
20 13
93 14
29 44
85 34
20 39
82 -3
21 32
91 14
29 2
82 6
23 48
87 60
23 58
94 -8
14 37
81 26
20 48
90 30
29 -3
93 61
13 -9
84 34
24 51
85 9
13 16
88 57
14 48
95 7
14 65
91 58
21 7
84 8
13 31
81 52
25 58
85 47
21 0
89 57
14 62
88 59
14 65
85 19
30 38
92 47
14 37
90 33
29 46
87 4
15 35
86 38
19 -2
93 -2
30 21
93 32
16 55
89 66
18 62
93 60
30 45
95 3
16 -9
87 60
30 11
84 47
25 27
89 -5
27 -3
94 34
27 10
94 34
28 62
93 12
14 40
85 23
30 7
89 -4
27 -3
84 46
31 26
94 38
13 5
95 11
13 37
89 31
15 16
81 17
18 20
84 29
24 7
81 52
29 63
85 24
27 9
87 51
19 19
82 22
29 55
84 10
24 12
84 -5
17 12
86 12
24 25
94 -2
17 0
81 30
22 3
83 56
26 57
94 60
16 2
84 6
18 49
95 5
13 40
90 24
21 25
85 18
17 61
92 38
24 50
91 57
25 5
81 49
20 -2
92 -6
26 19
91 40
29 -1
90 63
26 58
94 53
17 1
93 38
17 -8
87 57
27 27
95 1
29 5
81 0
28 37
85 64
20 27
81 57
27 5
92 -2
24 7
82 1
29 27
93 32
26 49
85 -5
30 58
87 14
18 2
84 49
19 41
84 28
13 45
90 55
16 33
88 19
18 10
94 60
20 -7
93 19
21 36
93 25
31 44
85 35
24 37
81 18
13 25
87 2
24 64
83 26
27 16
94 -6
27 -2
82 26
18 52
91 18
24 42
81 10
21 65
84 65
27 64
85 8
26 62
90 65
17 0
83 2
24 41
87 5
27 33
87 64
31 59
87 1
22 58
81 43
14 40
89 3
27 47
91 21
24 60
84 41
13 54
92 11
19 22
93 11
19 58
90 46
13 41
84 -5
15 42
94 1
22 2
89 14
23 -1
84 41
27 -2
81 25
16 31
86 52
19 63
95 15
25 -6
93 65
17 42
93 41
17 32
89 -7
17 29
89 16
24 25
84 -7
25 46
86 8
15 66
85 64
31 29
90 0
17 -4
85 -8
23 59
92 27
15 8
87 59
24 11
93 49
20 -11
89 -7
24 22
89 45
27 45
85 44
27 44
91 30
21 43
84 61
28 39
81 49
25 42
92 -9
26 12
93 22
24 44
92 19
20 0
84 59
17 29
93 24
25 3
82 19
14 32
89 53
24 24
95 53
13 39
82 52
19 17
94 63
16 -5
93 60
15 1
93 51
16 0
85 10
27 35
82 32
15 43
84 22
25 43
85 -11
30 52
88 38
21 22
81 64
31 10
87 24
13 -7
86 54
23 6
84 57
20 26
82 41
26 58
95 21
15 44
83 11
27 35
89 -6
30 56
83 8
22 10
82 39
16 40
88 58
30 62
88 42
23 10
83 14
24 53
94 47
26 56
95 -7
15 12
88 4
20 29
91 18
29 27
88 26
27 28
95 19
14 56
85 34
27 1
95 12
22 44
88 56
21 50
88 20
29 48
85 14
16 20
90 22
14 -6
91 20
13 38
83 46
28 35
85 66
27 12
89 -5
27 -8
94 62
13 6
83 37
29 12
86 65
18 66
83 62
18 -9
88 16
26 56
91 57
19 -2
91 32
26 28
94 -1
22 33
81 23
18 49
89 56
22 45
92 26
19 64
88 27
21 27
87 -11
29 11
95 29
27 -4
89 30
19 43
95 5
26 -3
86 49
21 -6
89 41
26 54
87 5
19 11
89 0
19 60
81 54
19 47
90 14
28 21
85 1
27 7
91 46
26 18
94 62
19 56
84 62
25 53
87 5
17 33
94 8
26 5
82 20
21 23
95 1
17 11
84 14
17 -9
89 6
14 39
91 4
22 54
82 32
30 39
90 0
21 53
84 21
22 54
84 16
14 30
82 56
31 2
90 43
21 64
85 64
25 1
93 25
21 12
83 -9
21 27
91 56
14 60
84 -7
30 -5
83 20
22 37
86 0
14 51
81 44
29 26
82 -5
16 53
84 -11
15 60
84 -1
28 60
90 22
25 38
92 62
27 8
86 -8
13 63
81 18
24 47
90 7
16 -3
88 34
16 56
88 49
15 14
89 59
14 10
86 50
27 3
95 65
28 22
93 40
27 61
82 55
20 26
85 37
14 49
91 8
19 28
83 -1
27 39
88 50
25 -4
89 3
30 39
84 -7
14 31
84 2
20 26
91 56
16 25
86 9
17 20
90 7
26 8
86 23
22 -2
87 2
30 28
93 54
25 28
82 62
24 65
92 36
27 27
81 48
17 41
84 4
17 8
88 42
30 28
91 19
29 -6
83 4
26 9
90 -5
17 62
89 30
24 -1
85 -5
23 64
93 62
21 34
82 21
17 60
83 42
27 61
93 20
29 15
92 61
13 39
87 45
25 -9
85 5
19 47
85 28
20 54
88 -7
14 61
81 9
15 10
85 65
16 18
86 32
28 15
94 41
20 54
93 10
31 66
91 48
20 -2
86 1
21 -6
94 47
18 -9
88 32
21 40
84 56
28 9
84 25
15 8
94 62
15 29
93 41
21 -7
87 64
21 -7
84 56
16 43
95 53
25 14
84 19
27 37
92 18
27 18
86 5
13 64
81 21
15 -5
85 43
23 57
85 -8
20 28
89 48
26 6
86 10
24 42
94 29
18 37
93 32
19 -5
89 64
25 9
93 57
18 54
91 5
30 63
94 17
14 56
81 -11
17 22
82 65
31 40
87 50
28 -3
93 10
26 52
91 35
24 66
85 -1
19 48
86 58
17 62
91 58
15 46
94 7
16 31
86 38
24 22
92 26
23 -3
81 -6
22 45
88 16
22 55
94 58
14 53
82 -8
14 19
88 61
21 4
85 66
20 -4
86 61
16 20
87 48
14 58
92 0
18 5
90 41
16 43
82 -10
26 42
87 66
20 17
83 9
16 23
93 39
24 36
93 -2
19 43
95 7
28 21
85 31
27 35
83 19
22 26
84 1
19 4
93 63
14 22
90 25
31 4
87 -3
17 19
95 1
29 24
89 19
31 28
83 33
17 56
93 47
22 46
91 57
27 21
89 54
19 48
90 22
14 -2
91 -3
17 -2
93 63
27 19
84 30
27 39
85 15
24 21
93 5
17 16
94 22
20 38
90 14
25 10
89 44
21 40
84 37
26 23
81 22
23 38
83 44
17 21
83 28
31 27
83 15
16 29
83 14
30 47
83 58
25 20
85 -1
29 21
89 32
30 -9
94 -8
19 12
91 12
18 1
93 58
27 7
95 33
19 16
81 8
29 59
91 53
31 46
87 -5
31 21
86 44
20 64
85 54
25 56
88 14
13 40
90 19
16 51
84 38
22 5
87 63
26 17
85 -1
14 -4
86 13
21 32
89 42
24 49
94 28
30 -11
92 18
20 48
89 31
14 -5
92 22
13 -2
88 -2
30 58
86 12
24 2
93 5
14 -11
82 14
23 -2
85 -1
14 -11
87 0
27 37
85 43
15 62
85 17
22 34
92 60
23 24
82 52
19 3
92 22
25 38
85 14
22 61
83 7
24 13
87 -7
18 23
83 38
24 35
90 51
24 32
82 -11
24 11
87 43
26 3
93 40
26 6
95 11
30 50
85 23
30 9
95 18
16 36
89 51
17 -5
91 -5
18 41
93 66
16 58
91 21
29 2
90 64
13 48
82 59
21 -1
83 16
26 4
90 52
14 -3
92 16
30 32
81 3
14 57
91 30
14 6
81 32
27 -4
84 57
20 27
87 -2
16 26
94 18
16 33
95 53
17 0
83 5
30 13
81 39
22 61
83 13
16 4
86 37
27 25
83 29
28 38
82 34
16 25
89 27
16 27
82 -7
26 32
91 -7
21 18
84 21
19 34
84 2
21 40
83 -5
27 39
82 24
29 6
84 -4
13 44
91 -5
30 36
93 4
30 -1
86 46
13 12
93 2
15 34
93 -10
30 54
88 -4
26 -8
94 25
17 11
82 42
17 55
83 32
30 9
94 14
28 16
95 9
19 33
88 35
22 26
93 26
23 -6
93 29
14 53
82 -3
29 31
91 25
18 59
83 5
21 26
83 10
13 63
90 3
26 41
93 20
28 47
86 3
26 51
81 12
21 41
82 23
26 3
89 14
27 38
89 36
24 21
94 11
29 -1
82 9
23 36
82 13
22 58
87 30
19 31
95 -10
13 34
92 0
31 -5
87 33
18 16
95 53
24 49
95 28
24 62
93 -5
22 -1
85 36
24 36
93 21
26 42
88 -5
27 35
87 -3
21 43
83 19
25 61
91 3
21 41
90 14
17 1
89 28
15 29
82 18
31 65
91 65
31 61
86 -11
14 12
93 4
25 28
85 20
28 0
90 27
26 37
90 50
24 34
85 49
20 -2
92 61
20 11
92 26
17 42
82 -4
13 63
82 43
28 6
82 58
20 -8
92 58
28 4
94 1
18 14
93 34
30 23
91 31
20 -2
95 40
19 55
91 28
29 19
81 10
28 40
88 -8
29 59
87 44
31 36
83 34
23 1
85 45
25 18
90 19
30 66
93 -10
15 0
89 -10
28 -5
83 55
15 1
93 0
18 3
89 56
29 23
83 22
28 13
95 9
15 -1
82 59
17 -7
95 14
13 51
90 24
13 15
82 43
21 60
94 60
14 50
85 35
19 34
82 31
21 30
93 12
14 2
93 -1
19 26
87 1
18 1
81 7
17 66
91 17
28 0
87 17
13 21
90 28
18 65
82 37
17 33
89 29
15 26
81 42
15 26
90 12
26 30
87 27
22 26
85 22
17 27
90 9
24 -2
93 9
27 30
93 14
15 29
93 31
23 55
91 40
31 50
89 42
23 27
91 54
20 47
84 12
19 49
95 27
16 -8
81 -6
26 16
87 18
20 34
83 5
19 56
91 26
17 3
84 14
26 43
82 17
16 28
91 -9
23 62
89 58
25 66
95 59
25 43
84 33
30 31
88 50
27 -11
91 22
22 50
83 6
28 38
91 38
27 63
82 -2
27 59
91 56
15 13
90 35
20 19
91 -11
26 13
94 44
25 21
95 56
22 35
82 48
25 18
85 -6
30 21
88 34
28 60
89 33
28 61
93 35
19 14
89 36
28 -3
87 13
16 51
94 23
25 36
82 15
24 64
90 40
16 14
93 21
21 -8
94 53
28 27
91 38
24 46
85 2
13 60
88 45
13 -11
88 26
14 45
91 62
18 62
90 0
19 4
82 56
13 58
89 32
22 25
88 32
15 51
87 20
18 33
91 50
21 -11
93 31
18 1
93 27
22 52
88 45
30 3
84 64
20 9
88 1
26 -6
90 40
23 2
95 12
22 59
87 13
14 -6
95 15
22 -6
82 41
13 52
90 35
14 64
88 49
26 -5
94 42
17 18
95 -4
21 47
90 10
23 53
92 9
17 2
87 25
21 0
95 53
27 30
86 13
23 65
95 24
27 47
95 10
27 3
85 40
19 47
93 12
24 7
89 53
17 57
81 16
20 51
95 16
18 63
87 31
26 25
84 -7
28 54
91 14
26 -7
94 13
31 10
87 -4
17 57
85 10
25 62
94 0
29 29
92 49
29 28
95 25
15 -9
85 31
28 4
86 36
30 5
87 21
19 7
94 16
17 28
88 7
27 63
89 58
24 6
91 -11
20 44
90 -7
29 65
86 14
26 54
92 50
15 33
94 8
16 50
92 39
28 11
95 -4
19 36
85 22
18 -11
81 9
22 59
85 52
13 11
83 49
23 50
81 57
29 54
82 58
28 22
84 60
19 -2
85 41
14 15
91 59
30 57
90 49
21 54
90 46
14 23
82 63
14 50
81 12
17 41
90 36
28 22
89 30
21 7
93 37
13 39
89 39
29 -8
92 18
18 17
83 45
18 65
95 18
16 6
87 -3
13 34
86 45
30 63
85 10
16 52
91 -1
23 49
94 43
19 59
81 21
15 31
86 21
15 29
93 -11
21 4
95 17
21 3
84 28
21 42
85 43
30 -8
86 41
30 41
91 66
16 51
95 4
30 36
84 6
14 26
93 6
29 -7
81 30
14 -10
86 46
13 2
94 32
27 14
92 19
25 63
90 61
23 55
85 52
25 51
88 33
14 65
81 41
15 -4
87 38
16 35
83 53
31 29
81 15
22 64
87 4
19 52
91 18
31 63
90 -3
24 35
95 47
13 31
87 64
26 65
88 48
18 13
88 43
24 41
84 19
18 25
88 9
23 21
92 11
16 4
85 53
22 -1
84 -6
30 17
89 14
17 37
91 38
26 18
85 26
23 -6
91 20
15 51
93 29
15 40
90 11
17 9
91 16
23 21
93 -6
20 24
91 53
22 3
89 46
14 -1
85 14
24 -5
95 23
16 18
84 52
23 25
83 36
25 61
84 26
19 19
85 25
18 40
92 38
16 47
91 -2
15 62
94 23
27 29
81 36
31 4
87 39
31 7
86 -3
29 6
93 56
16 27
89 1
30 65
89 43
15 29
91 65
23 36
87 53
15 40
91 46
26 33
89 8
25 66
93 14
25 12
83 30
15 6
84 39
16 55
84 12
19 57
91 53
13 48
83 14
22 23
82 -11
20 50
92 2
15 13
89 44
28 -9
83 -3
17 12
83 53
17 52
85 56
22 25
87 57
17 43
88 -11
23 64
81 28
19 36
92 59
21 30
93 58
20 33
93 3
28 -3
81 45
28 26
83 13
21 66
94 1
16 -3
82 31
27 30
84 4
25 -5
89 22
13 21
81 31
22 13
86 33
15 45
93 -7
14 36
84 55
18 39
93 39
22 30
83 3
22 34
84 33
17 3
93 -11
16 40
81 13
22 9
87 26
13 58
87 8
22 37
94 24
24 24
85 46
14 38
84 49
30 -10
90 35
15 -8
85 57
31 -1
90 19
13 50
91 23
18 48
86 30
31 49
89 17
29 22
94 62
24 17
85 37
29 20
84 40
24 2
95 27
25 -5
93 21
28 -3
89 8
31 59
93 64
28 -3
91 38
23 49
86 12
30 38
82 7
27 56
93 25
31 21
90 -7
29 32
94 -6
19 43
94 58
31 24
91 16
22 30
92 52
22 9
94 51
24 -2
81 60
31 10
84 45
25 -7
94 9
31 9
85 38
19 -11
81 37
21 -4
91 19
31 13
94 39
15 19
92 25
30 3
91 54
28 26
83 6
18 44
94 56
16 1
81 38
13 46
82 66
19 34
93 3
13 11
82 54
20 38
84 31
26 20
85 16
25 13
83 -1
22 20
95 43
27 55
85 -5
17 61
86 -1
24 51
87 -1
22 28
93 27
16 65
84 40
15 -1
81 38
31 33
90 2
31 -2
91 58
15 31
81 37
21 20
92 44
24 22
87 17
28 29
88 -7
16 36
87 57
24 -5
91 59
17 66
92 65
30 12
86 0
28 32
95 -9
20 29
85 56
23 11
88 57
25 51
95 12
18 18
89 28
15 20
95 53
14 53
88 5
22 19
87 42
24 -3
88 8
18 2
82 62
16 -6
85 37
23 53
93 66
22 51
81 18
13 36
81 12
15 17
82 60
16 5
91 21
19 40
94 41
29 28
84 39
24 -1
83 0
16 58
88 57
15 65
94 36
19 24
95 18
18 -1
92 11
18 35
91 18
18 46
84 23
23 -11
84 29
21 43
90 53
15 1
84 37
31 63
92 -5
13 55
89 11
25 24
90 41
23 39
91 11
28 24
95 14
31 1
86 14
29 55
92 22
20 54
89 28
21 38
90 9
25 19
88 52
28 -1
89 57
19 59
88 56
15 36
89 2
16 18
95 37
16 38
82 7
16 2
87 15
21 41
92 -11
23 1
82 8
13 41
85 49
13 66
95 10
14 2
89 45
20 12
84 -2
22 24
93 27
19 23
94 51
21 50
89 57
22 37
81 12
21 63
87 33
14 21
90 59
18 40
87 54
26 13
90 36
25 13
86 48
19 11
88 34
27 16
94 46
23 62
89 15
19 25
83 5
26 -2
93 3
17 24
91 -5
13 65
88 8
15 28
87 -1
26 60
95 34
22 58
88 64
16 -7
92 24
31 33
88 -2
31 26
87 24
31 -9
91 -7
15 13
81 -9
13 41
85 14
17 34
86 5
25 11
83 -9
22 4
82 34
31 27
88 24
22 44
83 37
17 29
83 -3
19 42
92 17
24 -11
92 12
27 12
82 50
19 48
81 10
29 39
91 -6
21 9
83 52
13 28
90 -6
16 24
83 5
30 19
84 5
17 64
94 43
26 -4
94 4
17 39
91 1
25 20
90 49
18 53
92 66
24 18
95 43
19 12
89 -7
20 3
95 23
20 -1
95 48
13 15
84 50
19 28
85 38
27 57
88 60
28 44
85 18
26 41
93 39
16 43
90 -10
20 13
89 19
29 13
85 18
28 3
90 37
17 24
89 34
20 18
87 47
16 48
88 30
16 33
94 49
21 6
92 28
21 64
86 43
27 -1
88 60
21 63
90 -11
22 28
88 25
30 51
94 63
14 43
92 17
27 -10
95 8
19 38
83 56
16 17
92 6
21 16
94 2
22 19
88 -5
15 25
85 -2
15 -3
86 4
19 60
83 50
24 48
89 9
13 0
90 44
15 -9
87 -5
24 22
85 21
17 49
89 43
25 47
94 56
25 35
91 18
19 64
86 2
30 32
81 26
16 59
84 11
22 25
88 -9
23 36
85 -7
22 11
91 64
31 10
87 8
23 8
85 19
26 28
86 40
23 43
92 26
20 -9
93 7
20 26
84 47
29 44
84 30
21 60
94 19
30 -7
92 -6
30 65
90 7
22 -5
88 59
15 19
93 45
20 56
92 11
31 6
84 0
21 32
92 40
20 31
88 -9
27 20
92 8
25 37
95 55
29 47
84 53
28 56
87 60
30 55
88 22
28 13
93 46
29 37
84 43
30 0
87 25
28 58
89 60
16 32
85 4
21 8
88 51
20 60
91 53
27 38
87 5
30 4
82 51
15 42
85 42
19 62
90 18
30 33
89 43
30 49
86 50
31 38
87 54
17 40
83 42
26 39
84 34
20 3
89 17
18 7
82 -8
14 59
90 46
24 50
81 63
24 -8
88 40
28 42
86 7
27 29
95 15
14 1
92 16
17 40
82 32
24 -3
89 50
14 -4
86 54
15 41
82 0
16 58
95 19
30 40
82 66
22 8
95 15
17 36
81 -4
14 -2
90 29
27 14
90 63
24 31
83 -11
19 11
93 60
22 41
94 26
28 39
85 55
21 29
90 40
26 35
87 19
21 26
86 11
24 61
88 33
31 46
81 -9
22 23
86 33
13 64
82 50
27 6
95 7
17 31
82 57
24 45
84 4
23 58
95 -11
15 23
82 66
28 56
94 32
25 41
87 -2
14 57
83 65
15 9
91 5
20 52
85 11
24 -7
95 -3
13 41
92 25
30 20
83 -11
31 53
92 11
16 20
86 0
16 -9
91 46
15 -8
85 51
24 18
84 47
21 10
93 -4
28 14
92 49
31 18
84 16
19 43
89 44
15 21
91 45
17 42
84 24
20 20
82 61
24 43
93 62
15 8
83 10
23 63
85 40
19 3
84 59
21 -11
83 42
19 2
86 6
20 57
83 11
16 38
92 49
13 64
89 40
30 25
93 50
27 15
85 -3
20 52
85 48
31 64
89 7
19 6
90 43
17 4
86 -5
26 10
86 29
30 39
85 24
19 24
89 30
15 -8
86 42
23 17
89 -9
15 36
93 31
24 50
87 10
25 62
89 51
29 12
93 23
19 54
85 21
23 28
94 24
21 11
86 26
21 11
87 43
25 26
90 -5
16 53
89 35
27 51
88 14
20 22
90 47
30 -9
84 60
16 24
91 0
30 55
81 47
29 26
88 20
20 41
83 33
28 32
90 37
24 10
87 1
18 -5
89 63
23 -6
92 16
16 35
81 38
19 26
83 13
27 3
83 10
26 59
81 -6
29 45
82 30
28 17
84 42
25 36
86 9
20 6
90 32
22 52
93 66
27 61
83 64
30 45
90 13
28 22
82 51
23 51
90 27
24 19
82 63
16 30
92 18
26 58
92 61
17 54
92 44
21 33
91 34
17 9
95 38
13 -11
88 32
21 26
88 63
26 34
92 33
19 53
93 5
13 64
95 48
15 21
91 39
26 55
83 66
26 26
82 29
28 49
87 38
29 53
87 54
30 54
86 34
17 -6
95 -5
18 12
81 60
20 -9
91 21
23 -1
81 16
17 47
86 24
13 -11
83 -1
24 -9
94 13
13 -5
88 36
20 43
90 59
20 59
82 49
23 -5
90 52
21 14
85 4
13 47
93 63
28 24
91 63
19 48
95 -5
24 29
87 44
19 46
82 60
26 0
90 33
20 8
89 24
17 59
93 66
19 -11
83 49
14 -4
90 41
24 43
92 -7
29 0
83 50
16 46
83 57
15 -2
82 26
27 3
91 11
22 39
87 24
28 62
87 53
25 -10
90 58
28 63
92 12
17 21
82 16
30 28
87 48
15 -9
91 15
30 7
93 -11
22 9
85 57
27 20
94 6
27 32
93 28
26 -2
90 15
20 35
81 21
18 37
94 23
27 -2
82 33
23 20
82 6
22 48
85 5
24 1
89 12
20 9
86 63
22 13
92 11
18 42
84 18
27 6
93 41
13 63
82 42
29 30
94 46
26 16
84 2
31 -3
90 35
26 38
85 -3
31 31
91 5
27 51
88 7
14 -2
86 44
24 6
84 50
22 39
84 48
19 4
88 57
31 -3
85 -10
24 45
83 -8
22 35
94 4
24 4
88 49
13 21
95 18
13 7
92 46
20 21
93 36
21 -1
85 37
25 40
82 15
26 26
92 16
22 38
84 54
31 42
90 27
13 24
82 -5
20 47
82 12
25 -9
83 26
23 46
94 49
18 -4
93 26
17 55
94 17
21 45
84 -10
14 30
81 56
22 45
94 19
20 -2
93 66
28 12
82 42
27 33
87 -1
24 38
89 35
28 50
90 41
17 29
92 10
23 3
85 46
20 22
82 47
28 2
91 -6
30 33
92 6
13 10
94 29
31 14
90 47
21 50
89 65
17 -3
85 -7
15 46
92 60
20 10
88 -5
26 -2
89 39
24 8
91 59
27 34
91 21
18 36
91 19
20 62
94 48
27 65
85 20
15 14
95 7
31 43
81 48
22 24
89 34
24 38
82 33
30 37
93 54
16 56
86 15
28 63
89 32
31 10
94 66
22 -11
87 32
18 59
85 57
17 23
93 49
17 11
87 66
15 -7
81 28
25 21
89 23
31 12
90 39
14 41
89 30
15 7
88 46
17 26
93 55
24 49
95 43
18 15
81 42
20 7
83 -10
16 19
95 18
29 2
87 37
13 19
87 7
30 63
93 -3
17 11
85 43
22 13
87 53
23 23
91 47
19 -7
81 -8
23 34
93 27
19 2
86 12
29 37
86 30
27 55
94 17
21 13
95 31
20 52
95 65
25 8
84 11
14 5
82 25
20 -3
89 8
17 21
85 3
31 23
94 15
22 16
93 50
20 -2
92 39
30 21
88 31
28 -6
89 14
16 29
94 21
30 -4
81 37
26 60
89 9
15 29
94 -11
19 40
83 7
31 3
93 -6
24 6
93 37
22 51
92 60
27 23
85 -10
28 15
88 20
15 50
87 64
26 37
82 57
17 53
93 20
25 44
86 64
22 24
85 33
29 58
95 11
13 29
95 6
22 11
84 53
28 39
85 18
21 25
95 8
26 45
84 39
24 54
88 45
24 33
84 9
23 27
90 28
25 4
87 6
22 44
90 59
15 3
81 42
29 8
87 39
23 62
89 48
31 38
86 50
24 28
81 17
25 34
92 17
22 64
85 64
16 66
82 -3
27 28
86 3
16 -5
87 -6
19 55
86 28
27 42
95 41
27 42
87 2
28 37
93 47
21 27
88 15
19 62
91 -10
18 34
95 3
15 48
88 47
15 -5
93 23
24 9
83 12
18 55
86 33
19 46
86 21
24 47
91 -7
31 31
82 -2
24 17
92 28
15 60
93 -5
28 7
82 26
17 65
88 51
20 64
93 40
15 21
84 10
24 3
89 5
18 -1
85 34
21 66
82 64
22 -7
85 36
19 10
91 0
21 34
86 22
19 -9
95 36
19 58
95 64
17 33
95 1
26 5
90 3
23 3
86 52
19 31
91 58
24 6
87 21
29 42
88 44
18 40
81 29
24 3
86 64
18 17
82 24
23 56
81 27
15 0
90 -11
17 -4
82 56
31 38
85 26
26 27
92 47
31 27
85 -8
16 25
81 0
16 -1
81 -1
30 64
81 -2
19 11
90 29
31 45
84 -7
16 41
83 19
22 44
94 40
16 48
94 62
26 -7
92 50
23 49
81 60
16 8
93 32
26 29
93 60
13 53
94 63
17 55
81 17
28 53
86 53
26 22
82 31
17 34
95 -9
21 63
92 23
17 43
90 -4
19 50
95 1
21 43
93 24
19 1
85 53
27 31
90 12
26 50
89 52
28 29
87 22
15 28
89 18
21 33
92 26
30 33
94 42
30 25
83 30
17 41
88 14
13 18
87 3
28 24
92 35
29 4
88 28
16 7
88 64
16 -5
94 57
19 22
89 37
18 -6
81 57
28 57
90 63
26 3
87 -2
30 55
91 14
21 -5
82 24
16 -6
84 25
20 5
87 28
22 10
85 58
22 11
90 22
31 42
90 -2
14 8
91 55
29 40
82 28
30 -11
81 -8
19 -4
91 34
19 33
81 40
13 33
94 30
22 -9
81 45
20 44
92 61
21 50
91 20
23 63
95 2
18 62
89 19
20 23
91 -8
14 48
91 5
27 37
91 59
23 -7
82 45
26 53
89 22
19 22
93 -7
24 24
81 -7
15 1
89 49
14 26
95 64
30 58
94 62
27 9
83 28
23 53
83 1
20 7
91 10
16 50
89 48
14 10
85 16
14 65
85 -9
14 40
95 -6
26 29
90 48
29 4
87 3
24 55
95 42
25 11
90 -3
16 66
88 41
21 -8
91 44
15 27
82 55
13 24
86 21
16 10
86 25
26 52
90 27
17 16
88 -3
23 54
89 -6
21 50
88 25
16 25
83 34
20 37
84 53
26 43
83 48
15 0
90 22
23 35
90 14
17 24
91 61
27 16
84 27
22 23
92 15
20 54
83 34
31 43
95 58
27 45
93 44
27 34
91 2
13 21
87 25
22 39
89 58
19 -3
92 28
15 42
87 30
15 25
87 14
14 7
89 59
28 33
92 3
14 -4
81 42
31 5
81 -3
13 10
86 6
27 45
84 -11
31 38
93 10
28 -11
88 36
29 2
94 60
15 53
88 8
31 51
91 0
15 24
88 7
13 35
81 52
29 8
88 -6
29 17
95 64
20 12
90 14
22 50
90 32
25 14
82 57
17 -3
81 27
30 38
90 66
24 58
84 59
19 65
86 -11
19 -9
85 22
23 8
88 0
31 15
82 16
17 57
85 27
27 65
95 36
13 -6
89 32
17 -3
90 24
26 1
88 50
13 28
92 29
30 41
81 28
14 45
85 18
14 24
86 39
23 56
82 47
16 4
81 36
30 -1
87 48
18 36
91 25
18 26
95 6
19 17
90 57
24 63
82 20
22 -2
90 31
23 40
82 66
19 35
86 57
28 46
95 -11
25 59
92 52
13 2
92 35
30 -2
81 65
31 -5
86 3
22 49
81 59
30 18
82 -11
27 4
81 21
24 7
87 38
31 36
85 34
19 54
94 -9
27 39
90 47
15 46
94 10
15 18
83 40
29 49
93 50
25 9
81 10
16 15
88 15
21 16
83 23
23 -5
94 27
15 54
82 1
19 58
95 24
14 14
83 -5
30 -1
82 51
18 22
92 35
31 64
81 -7
20 4
88 5
15 43
95 45
28 40
95 25
22 41
86 29
31 19
85 53
16 53
84 37
17 -8
92 17
29 27
89 20
19 38
86 41
30 41
87 56
20 38
91 63
28 36
91 -10
29 22
87 34
23 2
82 5
28 -2
83 62
29 16
83 -11
14 12
91 13
15 22
89 -9
31 5
85 -6
27 52
86 29
23 -11
89 5
16 -11
93 47
13 16
93 23
31 46
83 42
25 54
86 18
26 29
91 -9
24 46
95 9
20 59
87 29
18 35
84 24
22 56
82 23
22 36
93 60
26 -8
94 46
31 62
86 55
29 56
81 59
17 42
93 57
28 11
94 6
24 53
82 4
19 34
91 10
22 56
89 8
16 0
82 27
25 -4
87 37
31 61
83 10
30 19
89 61
29 58
86 10
21 2
87 -1
22 -4
82 40
31 62
94 34
20 7
92 8
15 -1
91 -11
18 46
90 19
16 50
88 28
29 2
87 -3
23 35
90 52
19 66
82 17
14 -5
94 46
30 17
85 -11
16 4
88 10
14 66
91 48
20 -7
90 2
16 20
93 11
20 29
83 -8
16 10
95 51
16 -7
90 -10
28 57
89 10
26 46
94 17
25 11
86 6
26 48
81 60
23 41
84 29
22 -11
93 20
31 -8
85 37
20 -3
81 30
13 18
81 21
20 22
95 33
27 38
94 -8
15 3
93 9
14 57
92 47
26 22
87 1
30 44
88 61
14 -1
90 29
15 65
82 16
14 50
92 25
28 -7
91 29
29 30
95 51
31 39
85 11
18 21
92 8
21 11
89 40
18 66
89 12
17 52
86 -5
31 60
85 46
19 -2
92 33
26 48
94 21
19 38
91 3
21 55
82 57
31 64
83 61
27 21
81 -11
23 34
86 32
31 16
91 52
23 31
89 55
14 -3
84 21
24 42
89 27
22 47
91 19
26 9
91 47
16 8
89 9
17 5
90 -9
27 -3
84 -3
17 34
86 -9
15 62
95 -1
29 -2
90 28
16 16
85 11
24 61
87 38
15 1
86 45
16 -6
86 38
31 64
91 59
19 -7
84 63
19 -5
88 64
22 22
94 21
20 46
83 18
22 25
82 4
22 37
84 15
24 -8
93 34
23 -6
89 9
30 -2
88 26
31 40
89 48
25 61
92 5
16 36
88 -9
23 12
82 -8
24 29
86 65
15 43
95 10
20 -2
86 59
19 47
81 51
21 3
81 4
24 25
94 26
17 15
86 -1
17 25
82 60
16 59
91 8
15 30
82 17
14 20
90 7
31 17
94 9
14 14
87 -10
23 5
81 55
14 45
95 59
15 56
85 57
22 50
84 44
29 66
87 13
30 -7
88 59
13 12
95 14
19 15
81 48
31 59
93 2
16 40
90 2
19 36
88 38
25 30
93 -7
31 50
83 39
18 37
94 37
24 22
83 9
24 16
87 20
22 44
95 57
23 -11
89 8
15 53
90 44
13 35
86 35
17 26
88 33
19 28
87 46
17 4
91 49
19 -3
82 51
14 -3
83 31
17 51
92 22
13 -8
95 43
26 8
83 17
18 36
93 30
15 54
85 19
13 16
89 62
14 43
82 37
28 -2
85 37
14 14
85 9
28 58
90 66
20 14
82 33
30 38
87 19
20 -4
82 56
17 40
84 8
27 8
89 57
21 47
90 -11
27 9
85 22
20 12
87 39
30 26
84 59
30 -8
94 12
26 22
85 11
17 41
84 1
17 -3
84 -11
21 31
81 61
14 66
86 13
26 55
93 10
14 59
92 2
23 53
88 22
28 44
82 -7
19 35
88 -10
16 8
91 60
23 18
94 13
24 61
93 -9
19 62
84 25
28 4
83 49
31 3
87 66
21 9
91 65
24 37
81 60
18 45
92 46
21 19
87 4
21 40
84 24
24 7
93 51
16 38
81 53
29 -1
87 21
19 34
88 64
18 -3
92 49
16 22
87 39
23 31
83 27
13 21
91 30
20 33
91 24
14 59
88 17
14 51
87 1
21 58
87 61
28 17
94 30
23 5
89 63
15 18
91 42
27 18
88 52
21 58
87 28
15 8
92 32
29 -11
92 22
13 31
87 35
23 21
88 20
23 41
91 -3
17 51
92 54
26 44
87 55
31 37
91 47
17 62
87 10
23 45
90 32
25 20
87 58
25 11
87 52
17 -10
87 66
17 21
90 -6
13 4
89 -6
31 38
91 -8
14 54
87 57
18 -11
91 32
14 35
95 35
30 24
89 31
25 -9
90 -11
20 -5
86 10
23 66
86 25
30 29
90 59
17 53
88 11
20 34
84 63
13 66
85 48
13 40
92 10
28 3
84 54
18 44
81 10
25 2
87 -9
28 35
87 20
21 -6
90 64
20 7
90 2
20 3
90 20
21 34
94 36
18 13
83 48
17 10
81 22
15 -2
92 26
14 46
85 27
13 11
81 52
30 -5
89 54
25 10
90 53
25 9
91 44
22 34
85 12
23 5
92 39
30 30
95 47
16 46
87 51
17 20
95 9
28 63
94 25
26 42
92 2
18 22
89 57
22 43
83 34
15 9
93 62
22 -5
83 50
20 61
94 3
24 59
84 30
15 9
81 52
14 39
85 59
14 5
94 24
20 41
83 29
15 37
92 24
17 -1
88 56
22 30
95 -3
30 6
94 39
31 38
90 50
25 0
90 45
22 3
85 36
19 4
84 0
24 33
95 7
13 31
95 26
25 29
84 6
19 34
91 61
25 -8
93 55
21 -2
95 59
21 46
87 29
23 66
85 26
29 65
86 65
27 2
91 63
23 20
85 27
24 19
91 32
18 56
82 65
16 65
90 39
18 46
85 45
23 30
85 17
16 38
81 19
30 29
87 5
13 6
90 9
23 26
88 48
29 34
82 42
20 14
95 15
25 32
92 56
16 37
95 13
31 60
81 21
19 47
84 45
25 41
92 61
28 29
84 55
22 -1
87 17
30 61
93 7
14 -2
94 11
15 41
91 16
30 39
93 46
17 46
81 16
19 1
88 11
29 42
91 26
29 19
93 66
18 8
89 29
23 41
89 26
25 47
86 10
18 13
91 49
15 53
85 2
13 -3
86 45
27 63
93 64
17 47
87 17
30 30
93 46
19 19
95 8
15 47
83 57
23 58
89 53
13 -2
83 49
30 52
87 18
14 -7
81 24
19 -11
82 2
26 21
92 23
22 3
95 12
29 61
88 44
28 53
89 8
15 57
93 58
21 58
81 51
20 14
92 -3
21 50
82 34
20 8
86 16
28 -6
92 -5
22 53
91 2
16 41
90 12
15 1
82 35
28 53
90 44
20 -11
90 54
15 52
84 43
28 52
81 5
15 -7
91 35
28 22
86 7
16 58
87 16
16 23
91 24
18 43
87 -1
17 15
88 32
20 47
94 60
24 39
81 1
20 48
95 61
14 56
94 66
25 21
82 1
15 -11
88 26
27 27
87 -3
28 11
81 42
18 9
92 13
25 -5
82 64
13 61
95 47
13 49
83 9
27 52
87 20
28 -3
93 57
19 4
89 0
20 -11
83 57
19 51
94 30
20 46
81 -5
13 48
84 2
18 12
82 23
14 61
93 38
23 50
93 66
30 55
83 52
15 65
88 25
14 64
82 -11
22 56
89 45
17 39
86 6
20 20
81 48
22 5
87 17
28 9
93 14
19 55
87 41
15 60
95 13
29 55
94 61
18 -1
81 -8
17 10
84 22
25 11
90 17
31 61
86 5
14 22
87 39
31 20
94 25
23 2
88 3
23 25
81 -4
31 -2
95 -5
28 -2
85 50
31 20
89 38
20 6
89 57
29 46
95 11
29 32
84 51
25 9
95 -4
19 52
89 -9
30 -8
84 -8
27 14
85 61
15 64
91 20
18 48
85 3
28 29
89 66
25 13
82 0
15 -1
94 -11
14 0
92 6
27 55
86 15
19 23
88 36
16 3
85 12
25 17
81 51
16 -8
94 40
28 33
84 10
28 47
84 66
29 40
83 -6
13 54
81 19
27 20
92 20
29 44
86 58
21 60
81 12
23 53
92 40
15 25
81 24
16 4
86 -3
18 18
81 44
22 41
88 56
15 23
93 -11
29 42
88 34
25 11
89 9
20 4
92 6
15 54
95 7
28 53
85 35
14 8
86 50
24 47
83 15
28 37
90 43
24 13
93 9
23 28
86 22
18 51
89 45
17 41
89 19
25 40
92 -7
26 39
83 30
31 54
86 62
27 11
94 49
29 9
93 31
31 10
81 25
28 64
95 -5
28 28
91 -1
15 2
92 50
22 19
90 34
15 59
82 42
28 29
83 49
22 5
82 59
30 -11
84 60
23 10
84 36
21 3
94 12
30 38
93 30
19 47
89 8
23 66
81 53
30 47
92 66
25 66
85 50
21 38
95 13
24 21
90 -8
21 45
83 13
18 21
83 46
16 13
91 2
16 10
87 1
19 41
89 -8
15 20
89 -11
23 8
94 12
22 63
89 37
14 41
82 19
22 27
82 63
23 25
88 24
22 54
90 53
24 25
82 57
17 -7
87 9
24 59
88 42
24 8
88 8
23 13
92 44
17 26
89 63
30 28
94 20
24 45
82 32
31 52
88 22
25 -10
83 58
23 8
83 55
23 35
83 49
20 24
95 44
26 56
89 35
25 50
90 22
21 63
87 -6
30 -1
95 66
31 2
87 1
29 51
93 38
21 25
83 41
13 35
90 32
27 48
93 4
19 29
81 22
27 14
86 34
27 65
84 15
25 1
95 11
22 55
87 -5
30 -9
89 62
20 54
91 23
14 -10
92 29
25 37
85 44
20 50
95 -2
21 34
95 9
26 12
91 -7
28 2
92 53
24 35
87 31
17 38
94 20
15 65
90 8
13 5
89 36
17 35
81 -3
27 31
86 10
26 66
88 17
27 53
83 -5
29 13
94 5
22 13
92 40
20 57
85 35
31 5
86 50
25 12
85 15
29 15
95 -8
30 12
94 4
16 63
87 8
18 36
84 61
22 22
82 33
26 55
83 -3
30 -4
89 6
18 56
87 34
14 58
89 57
24 47
85 -10
16 -6
90 42
28 -4
81 36
30 59
85 3
18 -7
87 2
25 10
82 58
28 -9
83 43
22 3
90 25
13 17
87 16
14 26
86 -2
21 66
87 23
25 36
94 17
13 39
89 2
20 38
89 -8
24 9
94 63
18 19
93 45
22 37
83 31
22 24
94 -10
13 -4
85 -7
31 24
89 46
22 12
94 17
15 14
92 63
23 56
95 46
15 -8
81 16
21 58
88 26
17 60
81 28
31 41
88 -5
17 14
82 61
20 -6
91 60
14 -7
92 43
21 27
82 29
16 9
92 59
23 -2
83 5
24 35
81 21
21 66
93 -3
29 -10
81 12
28 -8
82 4
15 23
95 45
15 43
88 2
19 52
89 52
17 52
93 15
27 25
92 -10
30 63
82 49
31 57
84 48
31 39
85 17
16 34
91 -5
20 -9
91 34
20 14
85 49
21 -1
93 58
16 33
89 21
26 -3
93 54
20 65
90 36
20 11
88 22
23 48
88 27
29 48
87 37
20 2
95 61
23 34
82 9
23 51
92 -9
24 34
93 7
15 4
81 31
21 29
83 43
29 55
89 -7
26 36
95 49
21 0
87 51
30 7
81 8
18 24
84 11
18 28
86 13
27 -6
84 30
15 31
87 5
15 -2
84 45
18 39
92 6
20 31
85 8
22 51
95 29
16 48
89 39
25 -9
84 14
29 2
92 19
13 1
85 25
24 33
93 17
19 -9
85 46
20 64
91 -6
24 25
87 18
26 47
84 55
17 43
81 7
21 -2
94 12
24 34
93 32
30 40
85 -5
19 6
93 64
16 0
95 41
23 65
93 32
24 50
83 27
18 40
90 -6
17 -6
86 -7
20 54
81 28
22 8
82 58
31 48
89 18
29 36
94 57
27 52
82 12
25 32
93 23
25 7
86 16
18 35
94 40
29 45
95 39
14 -2
94 2
24 26
87 0
13 63
81 41
18 2
85 44
28 26
93 40
24 19
87 46
22 48
89 49
27 11
91 52
19 42
91 38
27 58
95 35
27 30
93 13
21 63
82 28
13 30
81 56
15 29
90 9
28 45
93 -3
29 2
87 48
23 9
85 45
26 8
82 43
17 12
87 4
13 19
94 20
23 5
93 32
17 34
81 16
19 4
87 40
26 46
90 12
23 58
83 28
24 44
89 10
24 33
85 37
30 57
91 35
30 38
89 57
17 13
95 7
19 -9
82 35
19 -9
94 27
14 11
81 -7
28 10
86 16
22 28
82 29
24 15
90 30
25 36
85 10
20 65
81 0
14 20
88 27
25 16
83 44
26 -7
95 65
31 51
81 30
19 -10
89 19
20 57
83 21
31 41
83 -2
17 3
93 -10
31 45
91 47
14 33
92 -6
16 34
85 12
15 -4
93 -8
13 36
85 4
22 -6
92 42
13 39
91 19
16 50
95 49
27 65
83 62
18 43
94 29
17 48
89 -11
29 18
85 -7
28 4
88 2
15 5
94 16
26 -9
91 -9
18 55
84 42
16 -8
85 -4
30 43
88 17
13 1
93 19
26 -1
94 6
21 42
81 12
20 8
81 24
27 47
95 24
28 40
92 1
23 53
82 51
21 34
87 14
25 58
95 65
22 1
84 22
29 63
90 52
31 47
90 4
25 48
87 52
31 27
88 25
15 62
83 3
31 22
94 37
14 34
94 21
17 1
81 41
18 62
94 40
20 -3
87 58
21 55
86 38
13 47
83 -11
26 17
90 33
13 21
81 53
25 -1
91 24
25 51
91 47
22 14
92 -1
17 37
83 12
21 24
90 2
18 19
87 8
24 -5
81 59
27 16
81 55
23 -8
93 27
14 28
90 62
