45 182 -7 78 100
63 24
83 24
64 24
163 24
102 24
121 24
140 24
159 24
53 67
156 -1
59 65
91 64
61 51
161 36
51 24
88 5
56 14
121 73
60 39
157 28
61 -2
170 62
49 35
161 5
58 73
141 35
59 58
84 6
58 29
125 48
62 39
120 3
51 -3
116 66
54 69
120 41
56 4
155 51
57 56
122 28
51 75
174 30
47 54
172 44
53 53
103 66
60 77
123 36
62 35
154 41
58 42
92 21
47 32
124 56
52 15
138 64
60 -2
174 70
56 60
126 65
58 13
115 13
52 6
87 11
62 -2
174 -5
51 65
153 17
54 59
169 31
55 7
121 55
48 35
179 72
60 45
108 16
52 75
123 -5
52 8
86 57
62 73
175 61
52 0
90 41
54 1
98 68
55 58
107 28
61 54
113 -5
56 45
91 4
50 54
164 8
50 20
92 -1
46 49
170 37
51 28
102 -2
