18 197 16 188 3000
56 51
60 96
38 177
183 47
42 81
167 102
143 141
140 84
125 53
43 45
106 70
90 86
55 124
157 138
144 18
108 116
85 137
164 155
70 51
36 33
132 107
48 37
191 57
105 64
120 164
148 81
162 79
103 89
171 40
93 147
28 26
147 77
179 115
45 101
112 73
149 125
71 80
129 68
195 94
188 58
192 68
129 133
183 101
180 145
123 72
101 149
83 179
52 72
35 98
121 100
144 135
179 162
98 182
88 163
196 17
19 19
66 154
195 27
190 184
57 175
79 104
74 165
38 19
34 46
190 66
30 114
56 182
181 40
171 145
58 109
177 47
31 43
34 91
101 80
189 37
147 155
127 64
41 63
157 41
48 181
40 51
135 103
74 40
38 66
173 156
45 159
160 97
24 44
90 66
184 87
93 19
158 54
184 46
173 132
83 177
120 144
86 78
29 100
158 185
37 98
129 135
134 168
146 82
93 60
93 147
125 62
62 44
194 44
113 29
41 127
41 130
107 73
25 158
96 136
169 150
146 154
47 115
40 173
92 174
39 157
21 20
180 110
79 130
139 120
194 126
176 159
128 158
149 103
29 61
123 128
189 97
127 135
25 73
61 50
89 166
111 20
73 49
180 45
97 79
154 133
108 36
136 100
67 164
176 118
162 66
104 59
44 152
41 186
187 127
151 95
189 82
195 86
163 39
46 122
148 92
182 118
139 171
146 101
57 61
91 184
75 104
46 101
36 78
176 120
176 163
130 105
21 124
58 32
176 133
75 93
91 33
55 148
29 69
47 163
133 107
115 52
120 44
137 123
35 64
189 121
73 82
185 127
120 56
88 180
135 108
51 54
52 124
66 124
95 90
133 102
60 87
46 48
40 102
125 63
128 37
95 32
87 33
105 136
155 114
113 74
165 42
147 158
81 125
87 137
136 37
192 36
100 34
165 50
74 65
181 113
57 92
169 187
188 99
162 165
76 91
86 75
71 161
69 93
78 154
138 125
163 110
21 110
21 55
35 90
85 85
63 187
123 143
96 81
138 133
85 95
143 124
66 152
192 58
176 40
78 100
94 26
75 136
136 164
88 108
156 105
196 81
103 148
84 119
62 105
67 115
46 101
106 180
55 181
34 122
21 73
154 26
163 71
196 31
112 164
101 113
67 110
98 185
47 57
157 127
169 181
44 157
65 138
115 158
79 44
161 163
93 126
181 27
176 162
186 56
94 162
188 63
37 18
119 186
77 22
159 32
153 24
94 124
162 181
147 104
190 186
151 153
99 96
149 134
141 33
194 52
98 186
184 107
122 20
186 58
32 58
78 39
180 89
190 39
190 68
59 135
99 51
74 20
151 91
82 45
190 170
137 114
112 39
34 168
77 153
44 66
196 126
103 88
81 78
194 140
84 82
83 25
72 186
190 90
34 25
125 25
179 43
122 159
37 186
136 107
185 21
33 174
89 89
33 17
39 29
72 108
89 56
115 38
144 159
172 159
30 74
190 174
147 150
133 181
100 128
87 128
58 100
120 122
44 17
148 135
190 106
194 123
185 171
72 28
68 100
117 138
129 182
96 86
51 113
92 106
107 178
45 29
109 160
121 91
129 100
46 17
120 109
52 163
138 96
89 62
156 17
92 181
101 151
193 140
48 158
90 128
118 119
129 84
110 102
189 79
150 25
190 187
64 31
186 37
176 164
39 134
90 110
49 175
129 35
130 149
181 45
142 170
165 58
135 67
131 36
168 157
169 54
184 160
53 146
44 178
76 107
172 130
181 95
145 117
95 89
119 119
105 183
184 94
121 182
20 24
74 118
187 74
155 164
86 52
150 71
48 88
24 165
180 18
50 148
146 185
31 25
52 182
115 77
59 72
186 77
141 85
55 88
114 178
109 32
51 186
140 83
117 75
128 116
156 147
75 178
155 141
178 105
30 34
53 52
160 65
135 183
109 150
39 119
32 131
55 181
196 65
169 43
125 151
64 28
107 47
193 84
189 32
78 135
95 182
119 153
180 142
144 21
75 60
166 57
119 103
178 131
25 142
82 119
98 129
63 44
72 132
98 159
59 128
135 57
117 120
19 26
117 171
40 161
155 170
87 46
36 96
65 80
45 162
21 154
102 126
158 91
127 121
68 78
42 167
150 44
66 141
88 17
141 83
162 166
143 36
46 149
147 29
50 180
46 37
144 106
98 156
133 60
190 54
43 166
191 53
23 163
149 75
71 129
49 136
61 35
114 147
159 114
185 37
62 177
67 81
189 31
140 87
22 138
132 25
172 17
45 154
33 66
94 138
137 27
125 145
124 86
93 40
110 107
124 134
141 117
188 175
166 76
84 51
90 43
62 142
171 103
67 35
110 165
74 174
70 88
76 64
47 64
109 185
79 164
139 79
33 158
160 69
109 157
174 72
69 145
93 71
130 150
54 56
87 91
96 131
136 18
161 147
130 95
150 79
112 105
39 179
69 53
110 121
52 163
188 49
130 30
171 25
51 38
132 120
162 138
104 102
32 86
90 64
166 18
181 79
160 81
33 181
28 131
40 138
58 118
32 71
118 118
80 139
37 144
94 95
71 166
106 78
95 70
53 73
46 64
171 22
63 50
46 73
134 144
158 115
101 38
168 65
181 77
176 139
91 103
49 143
100 71
32 145
140 157
89 39
107 180
180 161
74 74
49 51
99 85
32 135
163 147
51 90
80 29
195 85
128 86
100 180
165 72
34 92
26 166
101 74
192 174
91 29
117 110
106 122
134 57
48 113
126 82
96 68
135 55
166 37
144 175
101 93
51 165
68 99
67 143
20 130
82 49
157 35
60 34
24 132
33 38
123 90
180 87
175 25
141 105
188 78
60 74
49 150
56 166
154 23
118 79
192 96
94 107
164 65
66 82
135 27
92 82
90 51
87 70
19 90
60 121
146 95
127 149
41 58
121 135
116 77
178 184
26 136
89 98
191 56
32 37
64 112
194 166
161 83
29 50
142 52
196 151
196 145
92 32
138 67
41 79
84 20
150 112
78 178
110 151
26 31
49 112
31 102
54 100
156 170
182 168
159 116
195 180
133 71
180 104
132 174
135 78
28 70
113 145
156 56
185 106
152 108
104 24
109 136
185 19
29 70
195 152
20 130
132 71
153 151
57 135
143 136
110 143
109 58
66 79
78 36
78 151
139 43
23 150
107 95
144 108
28 167
112 145
27 44
189 139
188 169
74 160
48 126
90 152
194 43
31 77
61 55
90 35
79 28
57 87
130 164
132 82
172 79
193 98
142 67
166 130
60 150
70 181
189 46
74 83
148 48
109 150
24 29
174 183
121 164
77 145
42 90
40 145
84 77
44 87
69 119
165 175
37 131
69 168
28 158
84 76
36 51
151 104
179 35
129 102
166 182
182 168
24 97
53 64
87 179
144 97
72 179
95 19
154 97
166 126
74 93
146 84
53 53
158 19
53 116
164 82
102 147
58 38
22 170
43 43
173 64
52 115
128 68
163 22
100 131
74 43
33 162
93 164
104 126
149 97
147 99
30 179
91 53
184 131
165 114
187 57
46 140
37 45
196 85
66 151
161 27
101 81
147 132
111 43
77 67
39 124
161 114
105 53
123 128
174 47
127 168
79 43
53 55
135 140
104 138
155 184
150 125
90 164
61 133
157 138
70 141
172 177
53 173
114 63
155 37
117 150
80 179
64 169
100 76
193 31
53 68
100 18
36 87
87 89
178 167
45 75
50 97
111 17
82 90
110 23
123 171
150 159
32 177
168 53
45 105
123 107
141 93
89 177
44 102
84 39
52 118
80 46
133 162
192 125
47 124
84 19
160 116
183 114
59 146
112 169
144 62
34 65
90 25
71 130
110 148
144 35
71 94
52 121
46 110
52 132
22 33
51 169
158 156
140 65
195 74
153 178
120 166
55 85
120 124
132 128
47 24
158 162
132 40
110 169
85 168
60 179
86 91
77 145
133 84
115 174
79 101
120 104
86 63
19 82
66 44
46 83
37 168
41 168
45 168
136 169
101 106
47 178
94 165
84 84
107 173
30 47
98 78
195 181
112 168
23 139
174 112
101 91
61 91
169 128
81 64
24 65
110 98
156 22
139 18
63 136
49 159
86 121
31 146
141 18
126 17
131 165
177 174
121 50
162 154
131 164
26 83
34 43
193 95
150 67
40 122
32 132
93 27
45 158
186 179
55 126
160 144
21 120
28 171
28 68
42 143
43 183
103 85
170 46
55 86
59 120
142 127
171 129
174 129
147 137
35 103
103 127
20 178
142 50
55 57
48 158
117 129
153 65
135 36
103 33
97 19
95 125
41 29
107 111
114 164
163 105
88 135
132 155
179 120
143 146
75 118
140 17
93 114
178 100
71 159
27 50
54 113
195 118
176 36
76 111
166 101
71 92
138 73
193 17
108 91
182 180
159 106
163 79
69 74
89 148
77 139
74 18
48 168
191 18
181 176
146 29
139 141
76 136
51 178
25 185
36 142
129 102
160 186
79 76
88 187
135 100
117 46
83 46
110 64
21 43
173 160
91 140
37 158
20 138
45 84
34 57
61 156
86 82
87 151
61 54
122 176
127 116
193 82
191 61
94 21
47 26
32 125
189 121
92 82
100 87
86 50
183 187
107 114
156 156
45 66
157 55
23 159
193 105
126 127
150 183
50 48
118 156
122 170
117 95
148 160
138 59
161 136
168 25
22 155
71 154
173 186
21 103
144 19
21 40
30 152
121 122
155 71
149 183
178 163
78 118
115 99
191 158
169 46
153 125
159 174
46 62
62 144
138 175
69 168
85 121
118 77
166 176
54 144
160 184
191 90
189 100
86 102
191 48
37 64
56 160
155 109
116 51
156 182
32 24
24 80
133 154
110 27
47 116
68 142
28 103
78 55
196 44
73 68
29 116
162 77
72 180
174 122
144 46
74 97
165 122
81 26
50 129
51 59
143 20
114 169
165 56
43 104
144 20
179 159
170 114
89 37
89 45
61 149
24 87
41 143
21 48
97 125
100 50
134 46
54 25
69 158
50 78
189 164
193 73
20 29
140 27
36 104
137 20
116 144
43 124
160 126
66 113
101 143
36 76
63 182
92 59
96 180
31 54
145 30
106 119
19 108
61 107
128 28
163 105
169 44
188 84
35 40
195 45
52 138
158 183
108 49
57 128
24 174
120 26
122 103
144 74
103 102
185 46
35 118
85 97
141 20
142 126
137 17
122 39
21 103
135 114
162 88
120 21
90 47
188 106
97 173
141 155
147 171
41 45
105 164
174 74
186 134
54 39
107 183
165 117
65 111
45 78
102 113
24 101
37 111
192 105
153 27
144 28
91 85
93 143
120 41
74 57
193 58
83 137
69 140
39 150
159 124
127 89
59 121
63 21
172 38
41 156
19 180
58 90
180 83
116 138
49 75
60 94
83 70
175 152
180 108
73 100
107 154
31 77
161 19
73 147
136 34
91 104
108 126
75 103
109 51
42 127
168 44
188 53
33 75
190 150
30 147
183 23
74 79
92 60
74 24
178 121
88 149
154 66
49 58
116 123
186 35
104 46
69 95
37 20
109 115
125 148
122 44
64 47
111 97
63 186
152 109
27 144
142 171
68 173
20 175
137 150
151 171
191 99
142 74
132 76
87 84
178 107
176 51
37 61
52 57
103 80
150 23
32 48
99 75
115 47
71 142
112 99
102 172
73 47
141 128
127 91
51 159
69 150
178 148
145 169
193 81
22 165
188 98
111 93
141 75
38 46
109 148
87 153
64 153
108 34
131 134
87 116
149 119
40 143
49 100
145 95
65 185
38 80
52 97
172 95
184 108
58 183
171 96
135 44
71 176
71 138
88 185
172 72
101 144
153 23
29 150
45 50
119 173
156 87
20 98
152 82
171 134
107 101
143 86
186 88
118 17
25 40
47 104
31 130
41 121
130 117
114 82
129 60
46 91
191 181
89 140
81 34
185 183
189 113
62 74
151 170
86 66
174 89
139 117
90 43
21 183
37 134
183 137
155 160
104 151
105 57
143 56
41 19
162 21
87 132
81 127
36 152
179 137
109 158
46 100
129 100
51 187
189 172
141 51
95 21
144 110
49 134
174 118
68 46
130 79
191 45
180 88
166 22
68 78
153 103
85 37
147 68
102 77
158 17
112 26
120 141
62 65
152 113
47 51
25 133
184 116
154 130
53 186
177 69
28 144
24 49
87 185
36 45
95 168
42 30
78 50
95 125
97 70
186 110
77 176
108 46
38 45
79 151
37 123
22 102
39 31
143 72
183 94
103 118
183 145
117 64
95 114
33 106
70 51
123 115
41 82
40 174
125 116
179 152
163 185
36 130
35 44
139 72
168 129
106 25
153 117
43 110
45 89
71 54
84 71
50 22
56 125
35 75
175 160
153 104
181 121
173 185
178 59
44 114
141 71
106 86
161 23
173 59
192 35
109 78
47 94
32 54
58 106
95 68
68 150
182 64
69 184
98 60
98 145
181 54
58 108
165 45
69 131
34 53
192 28
146 83
111 25
152 120
54 44
191 20
127 170
181 89
159 127
53 65
31 118
105 113
132 70
117 151
62 72
71 179
104 145
102 172
48 178
172 111
111 119
33 56
167 165
44 95
103 105
36 33
97 74
188 72
43 114
61 156
88 82
146 82
180 50
172 36
135 186
117 89
139 73
94 31
175 102
64 169
22 81
22 70
52 175
158 93
147 176
188 116
161 37
192 125
36 75
179 125
162 103
49 174
79 171
40 37
68 141
141 119
36 64
175 187
183 126
171 153
185 154
152 183
168 90
163 89
161 93
185 50
93 52
79 182
164 68
35 151
32 64
110 71
149 83
122 147
72 162
93 134
127 21
79 147
20 94
110 70
194 57
158 22
139 154
68 159
143 46
167 87
89 18
32 34
171 39
23 105
79 120
154 141
126 25
89 46
85 147
158 117
126 47
176 125
163 154
177 79
157 31
114 106
52 102
137 132
87 131
121 137
41 115
160 170
118 19
122 71
80 158
91 182
50 138
80 46
121 43
130 117
55 69
155 121
177 157
140 106
39 129
62 162
146 146
34 25
102 187
76 142
67 94
19 174
44 83
119 149
188 155
74 183
102 112
137 18
152 181
152 180
170 178
58 178
45 126
33 145
79 93
161 126
86 64
73 44
89 159
104 84
50 82
107 161
38 24
62 86
176 130
168 154
60 76
116 117
149 159
63 170
90 172
183 80
192 49
137 23
58 111
146 162
50 169
70 181
130 142
65 21
157 17
105 32
90 131
132 105
180 34
98 28
29 23
99 98
147 42
112 91
64 23
124 140
144 28
167 179
136 72
33 65
96 185
142 147
147 57
56 76
57 150
50 109
66 22
116 40
150 123
51 182
119 162
137 116
156 127
146 155
167 118
39 66
82 112
80 88
43 104
187 56
99 78
173 50
173 166
188 129
149 186
168 42
23 101
140 162
40 92
104 50
96 160
101 137
112 139
39 66
126 29
64 120
51 81
22 173
157 71
157 160
81 82
184 42
62 171
93 35
64 144
119 97
128 183
127 30
189 98
26 34
158 183
150 29
136 135
44 134
170 143
53 72
136 120
142 32
194 129
89 161
42 133
28 46
38 131
63 107
109 137
131 151
144 89
86 36
41 176
27 55
141 72
93 168
105 51
85 106
80 77
189 93
192 165
102 166
160 26
45 166
42 21
123 123
67 121
98 146
171 108
128 69
171 122
43 183
65 77
29 164
112 181
56 160
44 51
143 111
111 68
60 51
174 47
150 181
47 111
136 104
161 151
140 40
94 51
61 86
98 136
115 77
95 162
145 148
138 32
131 85
87 160
35 170
29 88
112 30
20 115
103 58
144 118
122 179
35 116
29 108
61 138
153 54
102 62
106 137
19 84
122 159
82 152
176 106
129 133
174 62
168 81
140 155
152 184
159 179
77 52
131 37
120 95
105 114
192 87
117 45
101 96
148 71
27 173
126 111
88 124
114 23
32 104
177 27
148 136
159 57
135 132
173 172
184 150
131 24
120 176
63 48
96 84
59 159
167 106
66 48
95 83
121 42
44 44
77 99
67 86
49 178
136 29
110 70
110 105
127 40
99 129
105 22
189 17
106 126
115 91
65 148
141 40
125 171
117 55
187 74
69 51
195 154
67 70
134 54
156 97
61 96
61 164
39 79
118 109
60 116
105 174
74 168
99 78
41 92
32 63
187 69
95 57
116 159
119 55
149 113
122 119
118 33
185 121
65 104
112 129
145 54
37 108
95 141
50 31
140 114
173 55
172 173
141 184
61 50
148 169
145 46
51 167
107 24
74 174
149 143
84 159
34 74
146 59
45 60
52 104
66 149
145 151
124 65
158 107
178 43
27 58
30 17
39 151
125 153
96 166
86 96
22 133
66 28
37 25
152 77
107 73
124 66
110 17
147 29
66 25
183 23
79 159
181 119
137 62
19 87
34 37
22 177
170 148
190 156
166 121
84 80
35 99
134 58
67 71
178 34
194 141
35 161
28 79
179 63
154 176
30 180
92 144
188 177
107 32
78 104
173 51
177 141
181 140
119 76
179 81
190 102
112 132
100 130
73 167
94 163
109 137
25 24
142 137
50 41
22 174
131 116
123 123
191 185
28 81
161 98
60 165
34 179
51 87
101 148
45 125
162 50
128 90
121 183
188 70
107 36
131 164
37 108
156 34
145 174
169 177
24 55
132 95
189 124
180 166
118 45
138 35
166 22
98 135
147 163
90 68
128 89
124 147
63 143
24 114
119 90
168 41
31 118
188 19
115 113
142 137
24 116
166 80
179 108
87 153
160 60
33 110
186 93
62 142
92 77
110 21
66 187
141 123
32 179
106 187
129 121
190 106
182 136
153 185
52 25
118 139
49 44
110 29
119 146
115 167
46 51
187 30
113 44
176 183
88 89
80 155
161 148
180 87
79 71
136 136
27 95
132 147
38 163
121 54
24 142
155 172
50 32
149 54
101 165
74 109
38 61
194 119
55 166
174 100
138 118
53 160
19 150
52 146
37 122
157 91
175 60
97 80
85 104
176 149
180 167
184 162
57 162
49 60
183 127
33 50
143 36
119 97
59 156
184 139
131 82
123 150
106 133
141 28
76 159
186 146
42 59
84 22
180 75
176 34
143 53
161 87
84 104
80 85
82 67
27 145
37 95
129 70
157 165
122 105
63 70
99 119
111 45
170 160
125 34
108 100
144 88
186 141
180 182
158 59
141 106
85 21
144 139
109 69
116 155
144 97
172 81
73 164
57 167
27 24
177 142
60 66
36 122
158 30
122 89
66 21
133 88
29 36
153 115
189 171
179 89
58 134
30 123
65 91
140 59
57 99
38 35
70 54
150 28
56 101
20 139
123 107
83 130
41 94
100 42
115 139
38 173
40 112
70 179
143 40
163 114
136 78
104 115
41 100
88 182
136 71
51 118
49 17
43 115
158 117
129 32
32 115
78 154
45 126
142 54
167 56
19 115
116 95
141 61
165 185
86 36
124 33
170 58
59 42
51 159
144 157
144 55
158 36
35 122
157 27
23 138
115 123
59 166
131 108
20 70
60 111
50 156
30 71
145 21
44 27
117 82
187 165
152 79
93 157
179 174
152 172
162 45
32 174
108 154
30 79
90 27
21 140
61 144
148 37
106 134
35 139
168 58
116 165
176 146
116 148
68 130
145 85
145 85
60 42
149 180
190 102
167 121
144 185
50 77
67 70
94 80
33 67
89 154
169 69
145 23
51 88
164 177
53 138
182 72
38 124
169 112
179 83
49 108
196 155
70 97
86 35
152 74
36 109
55 145
115 167
122 51
23 115
172 69
49 98
154 58
117 33
102 104
113 43
74 179
59 20
26 63
95 93
30 139
29 176
124 36
95 60
120 67
142 94
159 53
79 88
87 69
68 107
124 187
150 179
100 159
151 112
120 65
91 154
165 31
46 128
74 141
145 120
47 159
96 155
131 45
129 149
181 143
38 82
166 30
135 165
163 100
23 35
142 106
65 180
44 142
28 186
84 120
78 132
113 160
146 130
159 138
71 131
83 159
76 95
85 114
147 173
85 161
163 174
94 21
144 28
171 115
22 87
155 144
173 154
106 113
100 150
26 187
192 171
91 117
168 158
89 151
56 86
94 148
32 32
56 83
115 127
137 68
91 72
69 56
170 157
193 150
49 60
74 40
116 135
118 138
150 44
30 61
190 69
34 185
144 173
165 126
105 105
28 170
47 63
70 43
81 35
98 166
114 153
158 138
146 173
123 33
93 49
112 142
108 98
115 30
24 47
121 56
35 161
136 140
55 75
88 83
101 154
53 172
145 94
54 47
75 70
40 109
161 140
82 47
108 31
109 165
131 28
71 41
167 70
59 53
67 142
146 51
120 25
170 71
20 17
187 181
54 163
72 187
189 181
71 166
184 106
60 100
21 21
91 133
148 116
42 31
106 133
170 22
176 131
100 87
195 176
79 29
146 43
73 96
137 74
85 75
113 61
68 108
64 127
131 139
119 51
59 125
150 79
39 168
23 35
153 153
80 163
99 175
193 38
192 70
105 172
61 102
31 116
161 110
75 74
118 110
97 58
29 135
38 178
48 142
38 27
90 64
43 116
109 36
127 133
154 76
187 47
81 178
153 182
102 45
188 176
54 21
184 186
164 182
138 99
72 29
23 87
82 127
116 127
90 152
102 80
107 50
90 185
117 100
40 155
103 76
70 96
123 34
71 81
87 114
130 179
172 117
86 47
186 92
55 46
77 75
130 80
99 48
139 164
95 84
67 89
39 103
186 85
180 106
102 163
75 156
191 157
173 60
133 156
110 174
45 175
176 108
160 184
182 159
101 99
109 120
106 43
94 183
141 154
158 104
150 116
63 111
90 157
71 102
183 117
42 140
134 148
34 170
80 43
46 133
125 25
160 125
113 83
155 178
137 34
85 22
156 166
59 64
172 114
100 90
98 49
58 163
147 117
158 168
95 131
40 97
126 161
83 34
63 155
103 136
160 102
118 150
146 101
193 44
94 158
126 86
44 174
35 43
41 50
28 75
185 120
166 131
56 173
182 181
96 156
129 141
83 99
26 166
34 129
157 55
122 171
108 134
77 29
145 89
146 183
65 39
51 114
74 54
90 115
191 84
150 176
96 185
177 156
95 100
152 29
126 24
145 123
72 169
187 130
151 26
22 45
96 69
78 31
145 86
57 169
164 56
110 35
72 73
192 60
129 99
185 139
50 84
122 76
184 37
149 134
96 143
182 111
54 133
171 162
38 82
168 29
44 128
72 35
19 66
71 169
196 134
191 84
40 38
177 95
54 161
191 121
130 32
129 139
43 168
171 179
159 84
71 43
71 83
129 38
195 123
47 110
66 171
90 115
161 164
118 95
47 80
152 65
113 71
149 88
34 145
48 112
113 114
184 66
50 183
105 158
101 121
67 32
178 101
61 125
55 168
186 43
119 60
67 171
73 139
177 149
168 149
88 138
131 56
96 116
195 118
35 169
140 181
95 155
68 143
112 187
167 123
170 28
90 148
129 109
85 81
81 180
140 158
165 148
51 145
84 78
93 162
195 125
31 72
183 94
79 28
188 165
69 134
142 129
49 31
132 23
186 135
174 168
170 144
51 148
31 34
98 20
85 96
144 179
193 81
25 38
76 178
128 71
25 20
92 48
151 78
195 145
47 68
95 147
161 83
69 156
112 144
125 123
91 147
101 48
50 184
188 132
148 84
81 127
196 27
56 138
29 56
115 114
73 49
124 146
165 179
57 59
169 101
62 31
61 109
154 84
98 147
47 123
90 43
29 162
111 65
64 141
146 52
25 40
21 155
85 44
129 112
73 125
90 96
168 86
107 62
71 137
96 26
61 80
35 135
104 120
140 166
74 132
158 172
115 129
36 170
153 114
107 71
73 119
171 36
179 167
194 186
93 118
157 17
109 91
31 63
125 163
35 128
67 86
108 91
182 81
169 167
118 167
171 74
105 45
41 131
53 19
145 155
136 168
110 129
103 119
89 125
144 45
59 30
105 178
181 125
120 22
54 93
59 186
61 130
21 88
80 82
125 46
30 54
114 34
159 96
90 186
77 75
183 115
56 172
112 52
185 175
41 59
101 89
117 59
74 116
52 104
156 81
145 75
92 159
135 129
108 73
131 117
70 185
108 63
34 132
172 108
83 171
89 43
101 35
134 87
110 61
117 144
194 153
106 88
152 139
147 20
77 172
54 170
180 163
60 168
169 158
64 70
33 50
68 42
146 27
119 47
19 131
177 40
107 49
109 49
134 157
151 39
165 17
123 155
133 81
190 115
47 35
186 21
194 109
24 168
65 174
51 18
145 45
107 42
142 153
144 93
103 125
75 91
88 136
67 117
191 22
156 80
99 56
106 108
28 146
65 80
61 114
165 78
175 123
91 64
97 176
26 38
139 83
99 83
109 186
103 76
189 71
170 61
54 84
190 71
194 69
141 174
25 61
71 153
187 182
128 99
184 184
115 144
42 60
183 142
168 50
84 95
176 168
98 42
140 119
100 107
19 92
42 182
178 18
33 147
85 36
80 27
124 177
25 142
40 21
127 123
125 109
174 173
75 168
140 170
192 139
24 99
90 42
43 23
167 84
64 55
24 39
132 150
148 63
124 93
174 184
184 120
72 58
31 56
84 147
171 137
21 142
97 157
70 141
189 23
182 145
100 156
51 157
164 40
20 36
19 98
126 144
124 137
194 150
132 51
113 42
186 52
129 33
33 163
32 185
47 39
106 74
30 138
188 126
144 74
91 90
33 160
176 184
25 59
77 130
102 99
114 94
112 167
180 140
74 127
154 139
36 107
77 157
27 67
69 48
104 68
143 107
186 183
81 165
121 77
178 163
158 108
98 123
166 23
24 58
122 40
149 112
91 34
55 32
123 20
98 37
93 29
196 126
193 59
100 93
67 56
125 123
23 137
126 78
155 132
195 122
159 112
66 130
25 142
156 57
54 37
29 44
128 49
57 72
113 85
66 54
88 45
193 115
46 31
66 170
101 124
109 146
59 133
98 21
105 46
20 76
141 138
137 114
40 100
21 89
161 161
121 121
66 132
148 45
86 70
122 137
106 114
35 54
193 167
37 161
175 135
88 106
72 167
194 84
28 45
75 76
90 144
48 69
141 74
77 62
41 123
180 116
61 91
100 123
135 56
161 111
182 160
36 88
83 61
176 46
55 173
88 139
78 115
110 45
141 116
55 127
195 101
116 99
81 53
119 90
164 161
115 110
160 41
32 116
191 27
142 35
90 80
23 140
175 177
196 178
130 86
107 140
140 171
191 19
93 117
25 143
44 104
35 52
123 92
57 58
62 141
192 113
38 62
151 55
137 77
138 155
73 177
24 161
100 174
22 25
158 84
60 21
175 62
38 129
127 68
43 83
82 91
150 54
61 72
121 31
101 153
96 122
114 105
153 131
168 88
39 38
31 136
159 139
159 114
113 162
103 111
84 185
24 64
93 165
166 159
70 95
