30 157 0 55 1000
62 6
140 6
107 6
80 6
37 30
144 33
56 24
144 49
44 16
150 21
60 14
145 44
60 30
156 32
31 18
146 7
41 28
142 5
35 48
155 31
43 28
145 24
44 50
146 19
43 53
141 50
50 29
150 54
61 29
155 43
50 26
149 48
32 45
146 42
52 18
152 38
49 42
147 4
59 18
156 48
51 38
148 44
43 7
149 48
33 13
142 43
31 9
154 38
32 12
147 14
53 5
141 20
39 35
152 45
50 7
149 29
35 44
154 34
38 54
155 8
60 25
141 51
60 10
144 9
58 36
156 12
45 50
143 48
38 16
146 43
37 38
141 45
33 13
156 54
39 29
144 24
56 20
146 9
55 47
147 28
59 54
149 30
51 31
151 40
33 23
156 47
57 6
143 11
53 38
146 46
58 33
141 26
31 29
146 21
33 50
154 49
43 48
155 5
43 25
154 16
57 33
148 15
56 6
141 34
42 50
151 17
38 18
149 4
55 22
146 12
43 33
141 44
53 9
155 50
35 54
155 26
60 51
146 49
36 42
154 7
51 15
146 27
40 28
143 39
54 32
144 44
39 34
154 36
50 6
149 37
37 20
148 15
51 25
143 49
39 53
148 10
55 3
145 22
45 45
156 2
53 33
148 48
48 3
150 16
52 38
156 44
45 21
145 50
52 45
143 2
58 8
156 17
34 10
150 1
36 21
142 53
51 9
155 28
58 38
149 50
45 3
142 40
45 22
147 14
35 41
145 17
58 4
141 19
37 49
145 44
60 37
147 30
54 51
155 50
45 8
147 16
57 8
145 32
54 14
155 19
38 54
151 48
36 29
152 48
49 9
153 54
38 3
145 13
50 48
156 48
45 15
146 10
32 42
147 29
59 10
143 17
41 43
154 27
54 53
152 2
45 19
143 29
33 7
144 36
39 11
143 16
54 16
153 25
58 44
141 36
40 7
154 23
49 39
155 27
39 47
156 22
31 6
151 9
58 54
154 28
37 51
146 51
57 46
155 47
59 51
155 11
45 4
153 13
41 6
143 4
44 45
145 24
58 53
144 24
50 54
154 24
48 35
144 23
56 18
142 39
51 22
145 32
49 6
154 45
41 6
150 40
53 51
149 24
37 18
141 47
50 22
144 28
35 13
147 6
50 28
152 5
53 54
146 35
36 19
142 9
33 35
154 52
31 34
149 42
48 29
154 30
44 27
152 14
53 16
149 46
31 24
144 53
53 9
155 22
49 20
141 28
41 40
155 9
43 45
148 33
40 23
142 32
59 27
151 11
52 42
148 46
53 13
144 28
54 39
154 25
33 26
149 36
52 23
155 46
61 18
142 49
46 10
142 13
58 10
150 2
47 41
143 40
33 53
155 52
53 8
151 2
35 21
146 22
36 44
141 34
53 15
142 25
48 31
142 21
34 39
142 53
40 47
142 18
53 51
144 43
31 38
152 15
35 43
148 24
52 26
154 33
47 47
155 25
59 18
144 26
46 45
152 5
46 24
150 27
47 53
145 1
41 37
153 17
47 12
141 35
44 6
141 23
60 31
144 53
33 1
152 28
50 10
152 44
46 32
146 30
47 9
150 28
38 45
144 47
55 46
155 1
37 1
150 11
47 49
149 4
40 49
143 17
57 41
156 14
54 54
141 47
32 18
156 14
31 26
144 42
43 49
154 46
42 43
144 20
32 42
149 9
31 32
142 17
56 47
150 35
44 34
141 15
38 9
154 37
39 50
152 28
46 28
141 32
59 36
142 15
37 52
147 21
40 10
150 46
46 29
150 10
42 31
143 22
37 14
142 50
45 44
147 30
46 4
148 10
61 37
148 40
34 25
149 25
55 6
144 14
34 20
152 42
40 26
155 12
38 29
155 26
38 7
141 50
34 2
149 43
44 7
156 34
57 50
148 26
45 51
142 51
34 41
152 5
40 25
156 28
45 54
143 16
48 48
151 48
57 47
144 11
53 10
152 45
32 9
145 38
49 34
156 15
58 33
143 9
53 35
156 17
42 13
146 2
43 20
156 32
42 31
150 43
57 47
146 23
47 12
144 54
46 1
148 26
33 32
150 52
44 47
156 24
48 24
153 4
48 36
156 33
39 39
152 46
49 17
144 26
59 35
147 50
46 54
147 30
45 32
147 21
54 18
154 45
54 47
142 46
41 45
146 34
54 23
148 1
42 1
150 44
53 13
141 16
32 21
155 21
60 49
148 38
36 47
156 31
61 53
144 45
41 24
148 13
39 11
141 9
57 54
144 47
55 53
144 2
49 47
152 33
41 41
154 31
38 21
146 50
37 45
150 40
52 26
148 38
50 26
146 47
36 5
143 15
59 41
142 38
60 32
148 35
39 9
156 13
38 35
153 25
45 10
151 33
38 40
150 33
34 23
155 53
33 42
145 30
54 23
151 22
50 6
154 33
45 29
150 20
49 54
142 28
58 32
152 6
37 37
148 45
51 24
141 47
36 49
152 54
40 12
153 48
42 39
141 46
58 34
141 16
59 33
145 19
34 10
150 5
46 23
141 28
52 31
154 19
45 20
151 20
44 17
154 10
45 2
141 8
44 44
155 45
32 43
153 25
43 49
152 21
42 2
150 25
56 45
150 36
34 40
141 19
49 30
144 51
59 22
142 5
45 4
145 10
56 20
149 21
42 26
147 30
52 28
151 37
47 6
152 6
59 35
144 40
33 45
150 19
33 17
145 39
45 34
146 27
41 6
153 28
41 11
155 36
39 19
150 18
43 36
153 46
48 24
142 41
58 29
155 41
51 6
153 27
41 51
150 53
57 40
148 11
33 6
156 50
45 25
141 26
51 29
152 37
57 27
150 27
54 22
156 24
55 16
151 43
35 44
153 46
42 44
154 25
42 47
151 36
55 27
141 39
60 40
141 15
39 38
144 45
45 33
150 10
51 26
143 22
47 1
149 6
58 30
156 2
61 28
143 54
45 43
148 2
60 37
154 18
55 19
144 41
38 38
155 7
36 11
152 2
48 18
147 17
31 52
152 30
48 16
155 26
54 45
155 11
34 20
144 8
56 14
143 51
38 23
155 21
56 8
152 5
47 44
156 49
36 1
154 13
45 31
150 53
43 42
147 9
41 14
156 7
42 42
154 39
39 22
150 4
34 43
141 32
41 8
147 36
31 12
144 2
36 9
150 24
52 40
142 34
59 26
145 4
37 22
155 1
53 10
146 50
45 44
144 8
52 32
155 21
54 14
156 9
32 54
154 49
32 42
147 16
45 47
152 41
48 40
147 18
41 7
150 24
37 19
154 9
55 14
145 16
31 28
154 27
40 34
152 28
35 28
147 49
55 40
153 49
32 54
154 51
47 3
147 17
59 46
147 48
37 31
150 48
47 11
147 47
41 4
156 42
61 41
146 28
48 49
144 29
36 11
153 15
32 7
145 28
48 18
142 19
48 9
156 14
36 48
155 41
52 42
154 5
36 26
146 32
33 15
154 29
58 46
155 17
38 51
150 28
50 43
146 24
57 20
147 48
41 5
148 42
58 23
150 52
44 40
141 29
44 50
147 41
34 23
141 2
36 25
145 49
32 37
148 42
61 33
155 46
32 46
151 23
56 41
151 24
31 11
154 41
41 49
152 48
39 24
143 52
46 1
145 39
41 26
144 16
60 38
150 35
48 2
141 20
55 39
141 29
31 19
146 18
32 21
153 45
41 37
151 54
60 35
152 52
49 41
145 4
59 20
156 30
57 18
145 25
49 54
144 14
35 47
153 46
59 19
156 18
50 40
145 15
49 16
156 20
61 25
145 3
39 38
142 27
61 5
152 19
34 29
152 53
61 40
144 49
38 3
142 20
50 45
141 24
39 8
145 2
41 27
156 54
55 14
148 27
39 1
151 37
55 1
141 27
33 2
145 22
46 11
143 46
46 53
146 54
48 36
145 54
44 21
151 34
37 41
152 13
61 29
155 48
40 7
152 30
61 19
147 27
47 54
149 7
31 12
144 20
38 23
144 17
44 50
147 38
51 34
154 1
47 22
150 52
52 45
154 29
55 2
141 31
38 51
153 31
37 21
146 33
41 9
145 47
57 23
146 18
41 41
150 26
49 5
148 29
35 13
141 36
36 19
147 47
39 11
153 39
33 50
151 35
45 28
155 25
52 18
146 30
37 22
150 43
61 41
149 37
57 51
145 44
43 47
156 47
35 20
141 12
42 10
150 20
56 19
148 26
52 31
150 2
40 3
144 2
42 1
146 3
34 34
142 28
59 28
156 23
42 13
156 24
59 25
141 36
36 32
149 41
37 8
154 54
47 25
153 14
52 17
152 38
55 24
155 54
44 31
156 21
37 17
145 26
45 49
155 46
46 29
144 13
34 51
156 40
36 29
142 8
47 47
155 2
40 1
149 6
57 54
143 35
43 49
142 3
56 44
144 31
39 3
147 49
52 33
150 35
52 49
144 51
47 32
150 51
56 31
149 41
59 45
142 8
49 5
152 5
38 35
142 7
38 2
147 35
