1000
17699 31388
24136 39479
28779 32041
18690 39518
26133 32446
28819 49675
30857 52353
30510 55037
20031 37482
22587 33374
29807 35155
22327 60134
24711 43133
23944 58280
22938 48223
23574 44803
21675 61579
30050 53894
18543 33569
20105 52114
24279 41261
29048 34271
18443 36797
23570 52096
21142 31644
22307 36382
19027 45428
21311 49004
19150 58861
28191 56897
26967 54951
27357 41424
18296 59043
30900 50451
24263 61794
27711 31692
18749 44650
21795 36969
20747 61101
21159 61557
24031 47600
23938 32612
20609 34751
19304 54653
23013 61965
27339 40992
31065 53543
31131 40977
30220 50797
18708 45498
18873 34287
21846 55944
20592 48985
20308 33446
20811 55040
28016 43129
18146 33237
20408 35967
30416 63189
24710 34663
19013 42463
22231 49600
24861 63902
18260 48892
21230 55066
28385 34823
28176 44643
23219 41352
24973 56742
21911 44010
18206 42863
22431 54722
21406 35945
21303 49920
27341 54369
23368 31816
29866 33302
28236 33136
17782 45054
27925 52203
28253 49479
25312 62536
24658 50855
24018 60813
25270 51749
27220 59677
28365 32260
25321 43776
24296 45384
19709 40403
24442 51344
29795 36883
20481 59464
27153 54915
23348 57876
23472 44937
30209 34440
26850 41776
29120 51657
22614 33188
29306 47712
29671 38315
18307 47562
26262 54008
20438 48851
26044 32994
20149 39692
18009 57904
19706 45725
24386 43972
19061 60235
27163 51255
27743 36680
22957 53034
23702 35917
30073 32037
27210 52152
29499 36663
19166 58274
19924 32953
19145 58144
30680 47616
20627 41654
26121 37290
25656 58639
28880 64043
30170 43236
26495 53845
28174 48624
20612 41313
26828 33399
23001 41235
27843 49536
31360 58327
26378 41634
19121 55232
29761 63058
18029 37912
29591 48666
22526 32387
26463 62296
19489 33707
25567 52024
20383 58510
27241 34729
23733 58256
22781 46240
26928 59508
18055 50453
30141 43883
28392 49410
23168 32161
30164 42260
26658 57476
30840 51107
20839 38528
18003 59358
19069 59232
18118 32853
29115 52329
25939 57863
18249 41538
18403 50371
31149 40175
22285 59177
27087 33206
28669 56235
26947 61351
23257 41273
24425 62486
20201 48990
29517 46079
18101 46313
27971 60029
20546 63349
27775 52577
28756 63240
27010 32843
23709 35457
29814 54732
25287 62906
27771 43518
25977 59137
18626 57935
26439 63995
21447 33086
20823 61733
31042 61631
18370 57538
20636 60274
21232 41547
17910 49627
26943 47262
29656 58693
22604 61319
28450 50417
21503 41661
19964 50895
29760 39101
28518 41502
27133 36782
20957 56378
19046 59582
18685 46857
30536 47198
22529 45536
20241 60278
20577 33828
43383 62693
57276 79164
52404 80891
53477 87819
49889 94580
57457 86992
57259 70414
46475 80490
60199 86763
43393 77648
51991 66155
49973 92268
55118 80602
53204 73862
55616 87905
46502 66759
56545 85023
60656 66970
50499 62840
53120 87035
62549 89702
45032 74363
53521 77644
53979 84182
46212 80152
55098 82711
52828 70127
45517 65893
50152 69524
48484 72790
49846 67453
55781 84154
60115 64620
51975 64770
61801 85060
53042 64030
43809 72214
61484 81260
59429 72393
47685 93414
49471 73653
45885 78003
44489 64718
52285 73656
56878 62798
56354 70819
57105 65145
44346 94643
45899 85245
45160 69142
43457 90367
49377 91448
52220 83482
59849 91590
49056 84533
59331 87570
46953 74744
62175 81114
57967 88618
47433 85619
51865 80366
52801 93582
57963 90560
43517 87191
54818 94019
62102 92493
48229 68655
52296 93352
50478 70265
48734 87159
56316 83559
59411 92129
55321 86685
56061 76912
58778 74396
59364 73099
49322 65353
56248 79423
51353 68520
61687 78101
55197 69330
46487 93309
44096 68149
59819 69269
47565 85215
55458 72357
58658 77539
49190 73459
59186 84112
58498 85908
50787 92052
51338 92419
47354 72071
49435 92469
54797 84838
60822 82278
57642 87545
44650 71301
62038 75862
57662 73255
55063 76146
50119 76234
45315 89247
45027 64292
46601 79214
45197 78249
44119 88357
44943 75055
46163 88892
51529 80166
61444 84474
47590 74280
56296 84414
43556 74091
58059 65301
45263 67736
50974 72107
49576 74282
56041 72812
56736 81096
59478 67925
47476 69676
59818 76395
61824 63092
62050 91402
48982 85397
62339 84853
46002 94274
44756 84408
59701 75928
52127 94861
52574 70303
61696 66783
49930 74705
58102 95075
48516 70771
50640 94295
43908 65663
44355 64325
53075 82355
55720 83929
52630 77986
49168 73811
54022 84433
54945 87007
52684 87075
60728 83172
46809 95221
49448 81111
43584 68702
45446 72106
47862 85570
49441 91837
57083 83471
58852 91905
61550 91039
43445 79958
49959 90998
54853 87665
47887 91138
59744 82173
53506 70156
61774 81971
60224 94450
58403 81683
60813 85651
57258 81773
55879 66573
56391 68837
56440 76152
45852 95016
47142 82957
54902 82596
62569 75129
62431 63002
56188 91314
47663 90859
46071 89669
52049 73229
43390 82295
52143 93654
56342 87851
49515 85552
58141 95417
47916 83617
52379 94278
49897 85141
58319 67225
52567 64806
51189 84379
48671 87767
59906 84900
45208 83547
61715 65070
48907 72304
49751 90837
51350 94462
52492 87765
54950 79494
57310 80783
61849 68366
52579 88126
51251 65910
58586 67627
54518 76851
60858 70441
59193 74081
60873 89625
44067 76293
43700 93553
50426 81211
60778 93702
55488 76692
53180 69301
46634 78264
49940 65679
48315 71524
62270 79285
55458 88305
45426 80069
53362 78067
55206 76157
49779 84999
58998 88925
55995 66861
53574 89036
46688 80481
44832 70127
44949 77820
49250 92509
50542 68658
61416 81859
43750 91146
59773 89535
47964 87205
45820 90989
53523 66495
50517 63802
53741 79310
44593 91933
48848 81585
47387 73392
49155 77322
59062 65621
46175 94862
47036 90371
44138 62703
56924 82852
49464 79759
62350 79680
44628 88372
54699 78619
51237 84196
43494 85509
56772 74294
45945 88827
47604 72027
62506 64327
46901 84889
52212 83637
47206 67227
51143 89652
44336 92622
59892 62925
47495 91273
52578 85726
58549 92423
46219 80894
54533 85913
51399 86506
58458 90226
58966 95236
52026 83936
58765 90751
46462 68656
53352 94954
46861 94779
46362 77729
54602 70725
46346 73396
51228 95174
50165 88027
48241 69848
56198 77830
47446 81704
56120 95118
60886 86050
54007 80567
59289 63529
59284 85191
46481 92088
60769 79985
59172 78367
45888 87882
55426 77518
57912 90241
52508 66783
58471 73905
51907 93569
59469 71542
58901 95218
47299 93586
48002 70627
55430 64870
50714 91851
60488 78260
44677 76588
46482 84419
51119 95109
59663 83197
45955 79962
55239 91701
48385 65319
55157 95290
45705 63721
55590 80544
47542 79872
61029 86591
60140 94662
50280 63807
53905 80670
44685 84066
49351 79460
58375 91363
44888 87169
49056 93580
58346 94381
45250 93025
60046 64503
49063 64973
57074 68763
46994 66313
49583 66025
61509 78284
47214 83515
62618 93583
59193 63306
55646 67826
54415 92517
45651 63719
54792 80133
46090 93199
60352 88961
61909 80597
53098 88152
43477 93606
57666 70232
51424 84700
59843 91973
59013 76094
47454 84225
44813 86054
46261 93708
46423 69445
51116 92218
61329 79522
48130 69611
55681 93246
54704 72558
46208 91187
51294 65793
54610 64010
60814 91094
58250 84198
87606 115757
93796 132670
113905 115826
99752 127661
102900 128795
114814 141075
105758 139789
95320 143487
87840 120285
105029 131451
114439 139627
101136 139068
97294 135321
111159 129130
90776 138439
103113 121256
106908 130749
93493 121463
97734 144452
94537 126608
100750 140568
97922 145532
103923 125898
93297 137661
90504 135870
96427 117870
98802 138834
108897 144710
93268 142357
90739 135745
105886 130830
93661 124317
90594 130883
105292 128111
112982 147630
93393 135772
113611 142359
96521 122979
88988 124742
109132 134398
92576 116940
112419 123299
102955 129163
91905 117119
89503 129038
108251 139503
109077 129823
108018 141402
88900 129559
92430 123231
89420 144189
91895 119808
105121 127495
96847 141994
106218 123380
106183 132808
111371 115849
90005 116051
88049 144073
110383 136488
92538 138760
105524 120170
92229 127001
101120 116480
103133 118276
110995 120937
107357 118672
95417 136202
91140 136253
106421 118362
98077 141777
95985 119911
107488 127234
95458 122594
95884 121857
105672 131612
96158 122261
94468 116391
96421 133314
97501 125779
93570 125306
115492 134014
106622 140183
113238 142868
103007 135601
94954 123260
108546 132358
110367 122192
104913 131855
111405 118092
111500 123823
98248 134287
99956 121446
95879 148070
97334 136273
95764 126308
97112 140520
115216 125513
98447 117727
105928 144328
91648 116802
106970 117898
91656 130712
92509 128711
94846 137601
106396 136240
97273 116467
90285 127464
106390 141163
98038 145398
102930 136572
89864 126204
109490 119217
108208 144982
109817 140056
113823 142998
91300 144087
106090 125977
109814 120941
88555 124560
102347 121450
115437 139920
104026 118515
101282 128555
91720 130106
109377 124305
92956 132845
99124 130959
108753 122182
114815 141730
97750 119675
91718 139052
88367 132812
99990 125753
96241 139674
107272 132249
111479 131068
98042 118998
104712 126743
97605 129219
98478 141461
90917 143485
106057 123986
98312 146326
101805 137574
100466 128363
113449 127206
88438 140969
94424 119635
104428 133726
109554 136990
89086 140390
110690 125337
108222 137597
90884 126899
107071 128889
112643 140295
113378 129858
92460 134007
100595 130407
101099 118662
89055 116021
102275 146143
92646 125843
98503 143668
115347 145043
113206 145503
100774 135905
95993 132012
106385 142878
114657 127506
108821 147232
87725 131330
89533 119270
114769 140462
102434 124109
100219 128403
102100 124951
96966 117078
94428 127513
91655 130320
103361 128594
90489 145177
100441 133852
112965 125191
105942 123294
96563 135685
103053 140453
113244 134804
97055 119542
115295 129359
115564 121581
90811 136508
89691 119499
112245 117281
87679 134289
102923 139521
113192 143380
95008 147340
107879 116313
92143 141150
111876 145184
104865 130088
105576 131039
111946 132551
94253 127347
101953 146957
90887 139630
99166 148181
113124 124239
97279 126094
96190 133021
91676 141368
93449 137505
94699 140823
138059 170730
156923 200060
141291 182681
166863 183482
162900 172670
159917 194875
159829 200977
147053 194165
148982 179173
148909 195869
147042 199343
147904 197613
161361 182958
161389 189654
169369 202025
153118 174517
153038 176807
155326 184416
142144 188990
169151 201311
157895 196214
142287 190491
144184 201472
148399 177584
145664 199435
165558 186765
140845 189337
143224 192454
143361 187112
138362 172677
168599 187063
158383 201853
148926 176808
163372 178395
150634 176438
162727 182496
143655 198164
154449 192113
155221 179915
147618 202551
147561 198188
160205 200399
154834 195965
170686 182090
141985 197233
144869 194486
147933 189766
160419 203203
164366 172112
154542 187410
138378 183574
138263 176236
169688 197932
149947 170877
162173 193084
159738 179465
158145 185015
145544 201066
138106 194987
145117 186331
159222 192961
138081 198785
140643 199425
170627 171573
156233 173088
167414 175121
157172 183928
156718 193439
165002 174745
166505 181977
138172 192782
151644 181370
160920 196343
162447 181050
147362 187864
145730 173052
164163 203234
147681 185823
148923 196093
143757 196465
158211 171416
166379 180882
150791 177984
156979 192241
163705 193675
144241 175595
164461 190695
151345 186525
159687 194440
158349 200637
168761 189995
147575 185400
154503 200562
139002 185391
160969 183653
142525 188110
160543 175714
168506 198218
165945 198351
161069 194230
163703 186947
165470 200754
148601 181829
168279 186951
164550 177126
162741 180843
164651 183548
195512 207401
201512 233948
197694 209329
202952 224321
206247 213788
202407 217655
206128 213936
198754 216752
206676 217330
195859 228986
204152 223443
202796 236961
197469 215664
202787 235594
196870 230368
198102 220441
195520 216611
204092 239789
205057 215623
200375 234069
205761 235620
205283 207860
199656 238032
197200 233714
207301 222152
199707 228533
198178 224395
201634 223505
206069 235475
196910 233808
200391 239133
200975 225754
196201 220894
203258 226707
202469 209145
202919 210954
196438 224756
198925 239344
202596 221216
204335 230409
203317 215248
199820 233988
196904 236694
199387 224727
196568 228849
196270 217502
204772 225040
206667 235984
204558 221056
204812 227478
203581 235723
205950 219989
205954 235035
198358 235523
216082 220563
218451 232890
217090 251623
219102 246817
216379 242288
218877 250224
218991 248745
220414 238122
219437 233679
219536 225315
217772 223791
216853 244351
219206 253297
219734 242284
216387 252609
219188 236773
219782 222669
216707 235161
219322 220729
216368 229174
218566 246728
220338 242370
218915 243365
217610 233239
219267 243077
219340 251946
218709 225366
242964 262792
243548 271571
251131 288394
254662 295495
260928 271305
260074 287859
246416 291425
256264 280311
256735 289337
261838 269582
255550 275847
254832 290822
260496 265924
275480 290296
279222 294746
280980 312553
289062 315003
278093 313900
276992 296213
278875 297156
291913 318285
298348 345039
308426 333519
338817 362356
361571 366183
