100
11501 35894
12654 64637
14818 41272
26404 52072
19177 51504
31277 68534
20514 43342
22040 37869
28986 48914
12514 43796
31944 68394
33964 55179
27498 50292
26392 48698
35589 54328
21223 60111
14494 52282
32474 41644
29160 63789
34886 64283
24485 57617
34376 57442
12547 59648
32885 40589
29411 57423
20561 36203
22328 43213
31112 58845
27036 59912
14387 57434
17534 63186
35604 52006
23013 36304
26835 68567
19731 46914
30102 42166
33082 59679
30774 65035
25637 54466
28264 54670
26225 49554
21145 64487
32485 41800
15545 45819
14504 57654
14921 42732
31493 47574
29561 63086
35770 47936
23846 43520
35283 58513
49789 72820
60486 92225
64454 100337
50883 87232
50395 74182
58705 103493
51267 79451
65719 105080
64412 78491
64061 83442
63062 82686
64899 89196
52535 85663
64251 102397
64704 73375
58814 98985
69401 92469
52231 82645
70732 73322
55403 89298
69088 97779
62245 97019
69458 103879
67367 75427
65904 94693
86048 111961
104211 121482
92120 138831
106624 129691
97447 132737
91638 135362
101259 127274
106526 123978
91109 115895
101923 125378
87718 140400
90898 141952
96123 138050
132872 162737
153050 173061
132977 171721
149910 195452
153495 181190
153383 177602
178426 186601
183955 196968
179935 196351
208982 231763
218059 235191
