100
19085
19084
19083
19082
19081
19080
19079
19078
19077
19076
19075
19074
19073
19072
19071
19070
19069
19068
19067
19066
19065
19064
19063
19062
19061
19060
19059
19014
19015
19016
19017
19018
19019
19020
19021
19022
19023
19024
19025
19026
19027
19028
19029
19030
19031
19032
19033
19034
19035
19036
19037
19038
19039
19040
19041
19042
19043
19044
19045
19046
19047
19048
19049
19012
19011
19010
19009
19008
19007
19006
19005
19004
19003
19002
19001
19000
18999
18998
18997
18996
18995
18994
18993
18992
18991
18990
18989
18988
18987
18986
18985
18984
18983
18982
18981
18980
18979
18978
18977
