10000
2
1
5
4
8
7
11
10
14
13
17
16
20
19
23
22
26
25
29
28
32
31
35
34
38
37
41
40
44
43
47
46
50
49
53
52
56
55
59
58
62
61
65
64
68
67
71
70
74
73
77
76
80
79
83
82
86
85
89
88
92
91
95
94
98
97
101
100
104
103
107
106
110
109
113
112
116
115
119
118
122
121
125
124
128
127
131
130
134
133
137
136
140
139
143
142
146
145
149
148
152
151
155
154
158
157
161
160
164
163
167
166
170
169
173
172
176
175
179
178
182
181
185
184
188
187
191
190
194
193
197
196
200
199
203
202
206
205
209
208
212
211
215
214
218
217
221
220
224
223
227
226
230
229
233
232
236
235
239
238
242
241
245
244
248
247
251
250
254
253
257
256
260
259
263
262
266
265
269
268
272
271
275
274
278
277
281
280
284
283
287
286
290
289
293
292
296
295
299
298
302
301
305
304
308
307
311
310
314
313
317
316
320
319
323
322
326
325
329
328
332
331
335
334
338
337
341
340
344
343
347
346
350
349
353
352
356
355
359
358
362
361
365
364
368
367
371
370
374
373
377
376
380
379
383
382
386
385
389
388
392
391
395
394
398
397
401
400
404
403
407
406
410
409
413
412
416
415
419
418
422
421
425
424
428
427
431
430
434
433
437
436
440
439
443
442
446
445
449
448
452
451
455
454
458
457
461
460
464
463
467
466
470
469
473
472
476
475
479
478
482
481
485
484
488
487
491
490
494
493
497
496
500
499
503
502
506
505
509
508
512
511
515
514
518
517
521
520
524
523
527
526
530
529
533
532
536
535
539
538
542
541
545
544
548
547
551
550
554
553
557
556
560
559
563
562
566
565
569
568
572
571
575
574
578
577
581
580
584
583
587
586
590
589
593
592
596
595
599
598
602
601
605
604
608
607
611
610
614
613
617
616
620
619
623
622
626
625
629
628
632
631
635
634
638
637
641
640
644
643
647
646
650
649
653
652
656
655
659
658
662
661
665
664
668
667
671
670
674
673
677
676
680
679
683
682
686
685
689
688
692
691
695
694
698
697
701
700
704
703
707
706
710
709
713
712
716
715
719
718
722
721
725
724
728
727
731
730
734
733
737
736
740
739
743
742
746
745
749
748
752
751
755
754
758
757
761
760
764
763
767
766
770
769
773
772
776
775
779
778
782
781
785
784
788
787
791
790
794
793
797
796
800
799
803
802
806
805
809
808
812
811
815
814
818
817
821
820
824
823
827
826
830
829
833
832
836
835
839
838
842
841
845
844
848
847
851
850
854
853
857
856
860
859
863
862
866
865
869
868
872
871
875
874
878
877
881
880
884
883
887
886
890
889
893
892
896
895
899
898
902
901
905
904
908
907
911
910
914
913
917
916
920
919
923
922
926
925
929
928
932
931
935
934
938
937
941
940
944
943
947
946
950
949
953
952
956
955
959
958
962
961
965
964
968
967
971
970
974
973
977
976
980
979
983
982
986
985
989
988
992
991
995
994
998
997
1001
1000
1004
1003
1007
1006
1010
1009
1013
1012
1016
1015
1019
1018
1022
1021
1025
1024
1028
1027
1031
1030
1034
1033
1037
1036
1040
1039
1043
1042
1046
1045
1049
1048
1052
1051
1055
1054
1058
1057
1061
1060
1064
1063
1067
1066
1070
1069
1073
1072
1076
1075
1079
1078
1082
1081
1085
1084
1088
1087
1091
1090
1094
1093
1097
1096
1100
1099
1103
1102
1106
1105
1109
1108
1112
1111
1115
1114
1118
1117
1121
1120
1124
1123
1127
1126
1130
1129
1133
1132
1136
1135
1139
1138
1142
1141
1145
1144
1148
1147
1151
1150
1154
1153
1157
1156
1160
1159
1163
1162
1166
1165
1169
1168
1172
1171
1175
1174
1178
1177
1181
1180
1184
1183
1187
1186
1190
1189
1193
1192
1196
1195
1199
1198
1202
1201
1205
1204
1208
1207
1211
1210
1214
1213
1217
1216
1220
1219
1223
1222
1226
1225
1229
1228
1232
1231
1235
1234
1238
1237
1241
1240
1244
1243
1247
1246
1250
1249
1253
1252
1256
1255
1259
1258
1262
1261
1265
1264
1268
1267
1271
1270
1274
1273
1277
1276
1280
1279
1283
1282
1286
1285
1289
1288
1292
1291
1295
1294
1298
1297
1301
1300
1304
1303
1307
1306
1310
1309
1313
1312
1316
1315
1319
1318
1322
1321
1325
1324
1328
1327
1331
1330
1334
1333
1337
1336
1340
1339
1343
1342
1346
1345
1349
1348
1352
1351
1355
1354
1358
1357
1361
1360
1364
1363
1367
1366
1370
1369
1373
1372
1376
1375
1379
1378
1382
1381
1385
1384
1388
1387
1391
1390
1394
1393
1397
1396
1400
1399
1403
1402
1406
1405
1409
1408
1412
1411
1415
1414
1418
1417
1421
1420
1424
1423
1427
1426
1430
1429
1433
1432
1436
1435
1439
1438
1442
1441
1445
1444
1448
1447
1451
1450
1454
1453
1457
1456
1460
1459
1463
1462
1466
1465
1469
1468
1472
1471
1475
1474
1478
1477
1481
1480
1484
1483
1487
1486
1490
1489
1493
1492
1496
1495
1499
1498
1502
1501
1505
1504
1508
1507
1511
1510
1514
1513
1517
1516
1520
1519
1523
1522
1526
1525
1529
1528
1532
1531
1535
1534
1538
1537
1541
1540
1544
1543
1547
1546
1550
1549
1553
1552
1556
1555
1559
1558
1562
1561
1565
1564
1568
1567
1571
1570
1574
1573
1577
1576
1580
1579
1583
1582
1586
1585
1589
1588
1592
1591
1595
1594
1598
1597
1601
1600
1604
1603
1607
1606
1610
1609
1613
1612
1616
1615
1619
1618
1622
1621
1625
1624
1628
1627
1631
1630
1634
1633
1637
1636
1640
1639
1643
1642
1646
1645
1649
1648
1652
1651
1655
1654
1658
1657
1661
1660
1664
1663
1667
1666
1670
1669
1673
1672
1676
1675
1679
1678
1682
1681
1685
1684
1688
1687
1691
1690
1694
1693
1697
1696
1700
1699
1703
1702
1706
1705
1709
1708
1712
1711
1715
1714
1718
1717
1721
1720
1724
1723
1727
1726
1730
1729
1733
1732
1736
1735
1739
1738
1742
1741
1745
1744
1748
1747
1751
1750
1754
1753
1757
1756
1760
1759
1763
1762
1766
1765
1769
1768
1772
1771
1775
1774
1778
1777
1781
1780
1784
1783
1787
1786
1790
1789
1793
1792
1796
1795
1799
1798
1802
1801
1805
1804
1808
1807
1811
1810
1814
1813
1817
1816
1820
1819
1823
1822
1826
1825
1829
1828
1832
1831
1835
1834
1838
1837
1841
1840
1844
1843
1847
1846
1850
1849
1853
1852
1856
1855
1859
1858
1862
1861
1865
1864
1868
1867
1871
1870
1874
1873
1877
1876
1880
1879
1883
1882
1886
1885
1889
1888
1892
1891
1895
1894
1898
1897
1901
1900
1904
1903
1907
1906
1910
1909
1913
1912
1916
1915
1919
1918
1922
1921
1925
1924
1928
1927
1931
1930
1934
1933
1937
1936
1940
1939
1943
1942
1946
1945
1949
1948
1952
1951
1955
1954
1958
1957
1961
1960
1964
1963
1967
1966
1970
1969
1973
1972
1976
1975
1979
1978
1982
1981
1985
1984
1988
1987
1991
1990
1994
1993
1997
1996
2000
1999
2003
2002
2006
2005
2009
2008
2012
2011
2015
2014
2018
2017
2021
2020
2024
2023
2027
2026
2030
2029
2033
2032
2036
2035
2039
2038
2042
2041
2045
2044
2048
2047
2051
2050
2054
2053
2057
2056
2060
2059
2063
2062
2066
2065
2069
2068
2072
2071
2075
2074
2078
2077
2081
2080
2084
2083
2087
2086
2090
2089
2093
2092
2096
2095
2099
2098
2102
2101
2105
2104
2108
2107
2111
2110
2114
2113
2117
2116
2120
2119
2123
2122
2126
2125
2129
2128
2132
2131
2135
2134
2138
2137
2141
2140
2144
2143
2147
2146
2150
2149
2153
2152
2156
2155
2159
2158
2162
2161
2165
2164
2168
2167
2171
2170
2174
2173
2177
2176
2180
2179
2183
2182
2186
2185
2189
2188
2192
2191
2195
2194
2198
2197
2201
2200
2204
2203
2207
2206
2210
2209
2213
2212
2216
2215
2219
2218
2222
2221
2225
2224
2228
2227
2231
2230
2234
2233
2237
2236
2240
2239
2243
2242
2246
2245
2249
2248
2252
2251
2255
2254
2258
2257
2261
2260
2264
2263
2267
2266
2270
2269
2273
2272
2276
2275
2279
2278
2282
2281
2285
2284
2288
2287
2291
2290
2294
2293
2297
2296
2300
2299
2303
2302
2306
2305
2309
2308
2312
2311
2315
2314
2318
2317
2321
2320
2324
2323
2327
2326
2330
2329
2333
2332
2336
2335
2339
2338
2342
2341
2345
2344
2348
2347
2351
2350
2354
2353
2357
2356
2360
2359
2363
2362
2366
2365
2369
2368
2372
2371
2375
2374
2378
2377
2381
2380
2384
2383
2387
2386
2390
2389
2393
2392
2396
2395
2399
2398
2402
2401
2405
2404
2408
2407
2411
2410
2414
2413
2417
2416
2420
2419
2423
2422
2426
2425
2429
2428
2432
2431
2435
2434
2438
2437
2441
2440
2444
2443
2447
2446
2450
2449
2453
2452
2456
2455
2459
2458
2462
2461
2465
2464
2468
2467
2471
2470
2474
2473
2477
2476
2480
2479
2483
2482
2486
2485
2489
2488
2492
2491
2495
2494
2498
2497
2501
2500
2504
2503
2507
2506
2510
2509
2513
2512
2516
2515
2519
2518
2522
2521
2525
2524
2528
2527
2531
2530
2534
2533
2537
2536
2540
2539
2543
2542
2546
2545
2549
2548
2552
2551
2555
2554
2558
2557
2561
2560
2564
2563
2567
2566
2570
2569
2573
2572
2576
2575
2579
2578
2582
2581
2585
2584
2588
2587
2591
2590
2594
2593
2597
2596
2600
2599
2603
2602
2606
2605
2609
2608
2612
2611
2615
2614
2618
2617
2621
2620
2624
2623
2627
2626
2630
2629
2633
2632
2636
2635
2639
2638
2642
2641
2645
2644
2648
2647
2651
2650
2654
2653
2657
2656
2660
2659
2663
2662
2666
2665
2669
2668
2672
2671
2675
2674
2678
2677
2681
2680
2684
2683
2687
2686
2690
2689
2693
2692
2696
2695
2699
2698
2702
2701
2705
2704
2708
2707
2711
2710
2714
2713
2717
2716
2720
2719
2723
2722
2726
2725
2729
2728
2732
2731
2735
2734
2738
2737
2741
2740
2744
2743
2747
2746
2750
2749
2753
2752
2756
2755
2759
2758
2762
2761
2765
2764
2768
2767
2771
2770
2774
2773
2777
2776
2780
2779
2783
2782
2786
2785
2789
2788
2792
2791
2795
2794
2798
2797
2801
2800
2804
2803
2807
2806
2810
2809
2813
2812
2816
2815
2819
2818
2822
2821
2825
2824
2828
2827
2831
2830
2834
2833
2837
2836
2840
2839
2843
2842
2846
2845
2849
2848
2852
2851
2855
2854
2858
2857
2861
2860
2864
2863
2867
2866
2870
2869
2873
2872
2876
2875
2879
2878
2882
2881
2885
2884
2888
2887
2891
2890
2894
2893
2897
2896
2900
2899
2903
2902
2906
2905
2909
2908
2912
2911
2915
2914
2918
2917
2921
2920
2924
2923
2927
2926
2930
2929
2933
2932
2936
2935
2939
2938
2942
2941
2945
2944
2948
2947
2951
2950
2954
2953
2957
2956
2960
2959
2963
2962
2966
2965
2969
2968
2972
2971
2975
2974
2978
2977
2981
2980
2984
2983
2987
2986
2990
2989
2993
2992
2996
2995
2999
2998
3002
3001
3005
3004
3008
3007
3011
3010
3014
3013
3017
3016
3020
3019
3023
3022
3026
3025
3029
3028
3032
3031
3035
3034
3038
3037
3041
3040
3044
3043
3047
3046
3050
3049
3053
3052
3056
3055
3059
3058
3062
3061
3065
3064
3068
3067
3071
3070
3074
3073
3077
3076
3080
3079
3083
3082
3086
3085
3089
3088
3092
3091
3095
3094
3098
3097
3101
3100
3104
3103
3107
3106
3110
3109
3113
3112
3116
3115
3119
3118
3122
3121
3125
3124
3128
3127
3131
3130
3134
3133
3137
3136
3140
3139
3143
3142
3146
3145
3149
3148
3152
3151
3155
3154
3158
3157
3161
3160
3164
3163
3167
3166
3170
3169
3173
3172
3176
3175
3179
3178
3182
3181
3185
3184
3188
3187
3191
3190
3194
3193
3197
3196
3200
3199
3203
3202
3206
3205
3209
3208
3212
3211
3215
3214
3218
3217
3221
3220
3224
3223
3227
3226
3230
3229
3233
3232
3236
3235
3239
3238
3242
3241
3245
3244
3248
3247
3251
3250
3254
3253
3257
3256
3260
3259
3263
3262
3266
3265
3269
3268
3272
3271
3275
3274
3278
3277
3281
3280
3284
3283
3287
3286
3290
3289
3293
3292
3296
3295
3299
3298
3302
3301
3305
3304
3308
3307
3311
3310
3314
3313
3317
3316
3320
3319
3323
3322
3326
3325
3329
3328
3332
3331
3335
3334
3338
3337
3341
3340
3344
3343
3347
3346
3350
3349
3353
3352
3356
3355
3359
3358
3362
3361
3365
3364
3368
3367
3371
3370
3374
3373
3377
3376
3380
3379
3383
3382
3386
3385
3389
3388
3392
3391
3395
3394
3398
3397
3401
3400
3404
3403
3407
3406
3410
3409
3413
3412
3416
3415
3419
3418
3422
3421
3425
3424
3428
3427
3431
3430
3434
3433
3437
3436
3440
3439
3443
3442
3446
3445
3449
3448
3452
3451
3455
3454
3458
3457
3461
3460
3464
3463
3467
3466
3470
3469
3473
3472
3476
3475
3479
3478
3482
3481
3485
3484
3488
3487
3491
3490
3494
3493
3497
3496
3500
3499
3503
3502
3506
3505
3509
3508
3512
3511
3515
3514
3518
3517
3521
3520
3524
3523
3527
3526
3530
3529
3533
3532
3536
3535
3539
3538
3542
3541
3545
3544
3548
3547
3551
3550
3554
3553
3557
3556
3560
3559
3563
3562
3566
3565
3569
3568
3572
3571
3575
3574
3578
3577
3581
3580
3584
3583
3587
3586
3590
3589
3593
3592
3596
3595
3599
3598
3602
3601
3605
3604
3608
3607
3611
3610
3614
3613
3617
3616
3620
3619
3623
3622
3626
3625
3629
3628
3632
3631
3635
3634
3638
3637
3641
3640
3644
3643
3647
3646
3650
3649
3653
3652
3656
3655
3659
3658
3662
3661
3665
3664
3668
3667
3671
3670
3674
3673
3677
3676
3680
3679
3683
3682
3686
3685
3689
3688
3692
3691
3695
3694
3698
3697
3701
3700
3704
3703
3707
3706
3710
3709
3713
3712
3716
3715
3719
3718
3722
3721
3725
3724
3728
3727
3731
3730
3734
3733
3737
3736
3740
3739
3743
3742
3746
3745
3749
3748
3752
3751
3755
3754
3758
3757
3761
3760
3764
3763
3767
3766
3770
3769
3773
3772
3776
3775
3779
3778
3782
3781
3785
3784
3788
3787
3791
3790
3794
3793
3797
3796
3800
3799
3803
3802
3806
3805
3809
3808
3812
3811
3815
3814
3818
3817
3821
3820
3824
3823
3827
3826
3830
3829
3833
3832
3836
3835
3839
3838
3842
3841
3845
3844
3848
3847
3851
3850
3854
3853
3857
3856
3860
3859
3863
3862
3866
3865
3869
3868
3872
3871
3875
3874
3878
3877
3881
3880
3884
3883
3887
3886
3890
3889
3893
3892
3896
3895
3899
3898
3902
3901
3905
3904
3908
3907
3911
3910
3914
3913
3917
3916
3920
3919
3923
3922
3926
3925
3929
3928
3932
3931
3935
3934
3938
3937
3941
3940
3944
3943
3947
3946
3950
3949
3953
3952
3956
3955
3959
3958
3962
3961
3965
3964
3968
3967
3971
3970
3974
3973
3977
3976
3980
3979
3983
3982
3986
3985
3989
3988
3992
3991
3995
3994
3998
3997
4001
4000
4004
4003
4007
4006
4010
4009
4013
4012
4016
4015
4019
4018
4022
4021
4025
4024
4028
4027
4031
4030
4034
4033
4037
4036
4040
4039
4043
4042
4046
4045
4049
4048
4052
4051
4055
4054
4058
4057
4061
4060
4064
4063
4067
4066
4070
4069
4073
4072
4076
4075
4079
4078
4082
4081
4085
4084
4088
4087
4091
4090
4094
4093
4097
4096
4100
4099
4103
4102
4106
4105
4109
4108
4112
4111
4115
4114
4118
4117
4121
4120
4124
4123
4127
4126
4130
4129
4133
4132
4136
4135
4139
4138
4142
4141
4145
4144
4148
4147
4151
4150
4154
4153
4157
4156
4160
4159
4163
4162
4166
4165
4169
4168
4172
4171
4175
4174
4178
4177
4181
4180
4184
4183
4187
4186
4190
4189
4193
4192
4196
4195
4199
4198
4202
4201
4205
4204
4208
4207
4211
4210
4214
4213
4217
4216
4220
4219
4223
4222
4226
4225
4229
4228
4232
4231
4235
4234
4238
4237
4241
4240
4244
4243
4247
4246
4250
4249
4253
4252
4256
4255
4259
4258
4262
4261
4265
4264
4268
4267
4271
4270
4274
4273
4277
4276
4280
4279
4283
4282
4286
4285
4289
4288
4292
4291
4295
4294
4298
4297
4301
4300
4304
4303
4307
4306
4310
4309
4313
4312
4316
4315
4319
4318
4322
4321
4325
4324
4328
4327
4331
4330
4334
4333
4337
4336
4340
4339
4343
4342
4346
4345
4349
4348
4352
4351
4355
4354
4358
4357
4361
4360
4364
4363
4367
4366
4370
4369
4373
4372
4376
4375
4379
4378
4382
4381
4385
4384
4388
4387
4391
4390
4394
4393
4397
4396
4400
4399
4403
4402
4406
4405
4409
4408
4412
4411
4415
4414
4418
4417
4421
4420
4424
4423
4427
4426
4430
4429
4433
4432
4436
4435
4439
4438
4442
4441
4445
4444
4448
4447
4451
4450
4454
4453
4457
4456
4460
4459
4463
4462
4466
4465
4469
4468
4472
4471
4475
4474
4478
4477
4481
4480
4484
4483
4487
4486
4490
4489
4493
4492
4496
4495
4499
4498
4502
4501
4505
4504
4508
4507
4511
4510
4514
4513
4517
4516
4520
4519
4523
4522
4526
4525
4529
4528
4532
4531
4535
4534
4538
4537
4541
4540
4544
4543
4547
4546
4550
4549
4553
4552
4556
4555
4559
4558
4562
4561
4565
4564
4568
4567
4571
4570
4574
4573
4577
4576
4580
4579
4583
4582
4586
4585
4589
4588
4592
4591
4595
4594
4598
4597
4601
4600
4604
4603
4607
4606
4610
4609
4613
4612
4616
4615
4619
4618
4622
4621
4625
4624
4628
4627
4631
4630
4634
4633
4637
4636
4640
4639
4643
4642
4646
4645
4649
4648
4652
4651
4655
4654
4658
4657
4661
4660
4664
4663
4667
4666
4670
4669
4673
4672
4676
4675
4679
4678
4682
4681
4685
4684
4688
4687
4691
4690
4694
4693
4697
4696
4700
4699
4703
4702
4706
4705
4709
4708
4712
4711
4715
4714
4718
4717
4721
4720
4724
4723
4727
4726
4730
4729
4733
4732
4736
4735
4739
4738
4742
4741
4745
4744
4748
4747
4751
4750
4754
4753
4757
4756
4760
4759
4763
4762
4766
4765
4769
4768
4772
4771
4775
4774
4778
4777
4781
4780
4784
4783
4787
4786
4790
4789
4793
4792
4796
4795
4799
4798
4802
4801
4805
4804
4808
4807
4811
4810
4814
4813
4817
4816
4820
4819
4823
4822
4826
4825
4829
4828
4832
4831
4835
4834
4838
4837
4841
4840
4844
4843
4847
4846
4850
4849
4853
4852
4856
4855
4859
4858
4862
4861
4865
4864
4868
4867
4871
4870
4874
4873
4877
4876
4880
4879
4883
4882
4886
4885
4889
4888
4892
4891
4895
4894
4898
4897
4901
4900
4904
4903
4907
4906
4910
4909
4913
4912
4916
4915
4919
4918
4922
4921
4925
4924
4928
4927
4931
4930
4934
4933
4937
4936
4940
4939
4943
4942
4946
4945
4949
4948
4952
4951
4955
4954
4958
4957
4961
4960
4964
4963
4967
4966
4970
4969
4973
4972
4976
4975
4979
4978
4982
4981
4985
4984
4988
4987
4991
4990
4994
4993
4997
4996
5000
4999
5003
5002
5006
5005
5009
5008
5012
5011
5015
5014
5018
5017
5021
5020
5024
5023
5027
5026
5030
5029
5033
5032
5036
5035
5039
5038
5042
5041
5045
5044
5048
5047
5051
5050
5054
5053
5057
5056
5060
5059
5063
5062
5066
5065
5069
5068
5072
5071
5075
5074
5078
5077
5081
5080
5084
5083
5087
5086
5090
5089
5093
5092
5096
5095
5099
5098
5102
5101
5105
5104
5108
5107
5111
5110
5114
5113
5117
5116
5120
5119
5123
5122
5126
5125
5129
5128
5132
5131
5135
5134
5138
5137
5141
5140
5144
5143
5147
5146
5150
5149
5153
5152
5156
5155
5159
5158
5162
5161
5165
5164
5168
5167
5171
5170
5174
5173
5177
5176
5180
5179
5183
5182
5186
5185
5189
5188
5192
5191
5195
5194
5198
5197
5201
5200
5204
5203
5207
5206
5210
5209
5213
5212
5216
5215
5219
5218
5222
5221
5225
5224
5228
5227
5231
5230
5234
5233
5237
5236
5240
5239
5243
5242
5246
5245
5249
5248
5252
5251
5255
5254
5258
5257
5261
5260
5264
5263
5267
5266
5270
5269
5273
5272
5276
5275
5279
5278
5282
5281
5285
5284
5288
5287
5291
5290
5294
5293
5297
5296
5300
5299
5303
5302
5306
5305
5309
5308
5312
5311
5315
5314
5318
5317
5321
5320
5324
5323
5327
5326
5330
5329
5333
5332
5336
5335
5339
5338
5342
5341
5345
5344
5348
5347
5351
5350
5354
5353
5357
5356
5360
5359
5363
5362
5366
5365
5369
5368
5372
5371
5375
5374
5378
5377
5381
5380
5384
5383
5387
5386
5390
5389
5393
5392
5396
5395
5399
5398
5402
5401
5405
5404
5408
5407
5411
5410
5414
5413
5417
5416
5420
5419
5423
5422
5426
5425
5429
5428
5432
5431
5435
5434
5438
5437
5441
5440
5444
5443
5447
5446
5450
5449
5453
5452
5456
5455
5459
5458
5462
5461
5465
5464
5468
5467
5471
5470
5474
5473
5477
5476
5480
5479
5483
5482
5486
5485
5489
5488
5492
5491
5495
5494
5498
5497
5501
5500
5504
5503
5507
5506
5510
5509
5513
5512
5516
5515
5519
5518
5522
5521
5525
5524
5528
5527
5531
5530
5534
5533
5537
5536
5540
5539
5543
5542
5546
5545
5549
5548
5552
5551
5555
5554
5558
5557
5561
5560
5564
5563
5567
5566
5570
5569
5573
5572
5576
5575
5579
5578
5582
5581
5585
5584
5588
5587
5591
5590
5594
5593
5597
5596
5600
5599
5603
5602
5606
5605
5609
5608
5612
5611
5615
5614
5618
5617
5621
5620
5624
5623
5627
5626
5630
5629
5633
5632
5636
5635
5639
5638
5642
5641
5645
5644
5648
5647
5651
5650
5654
5653
5657
5656
5660
5659
5663
5662
5666
5665
5669
5668
5672
5671
5675
5674
5678
5677
5681
5680
5684
5683
5687
5686
5690
5689
5693
5692
5696
5695
5699
5698
5702
5701
5705
5704
5708
5707
5711
5710
5714
5713
5717
5716
5720
5719
5723
5722
5726
5725
5729
5728
5732
5731
5735
5734
5738
5737
5741
5740
5744
5743
5747
5746
5750
5749
5753
5752
5756
5755
5759
5758
5762
5761
5765
5764
5768
5767
5771
5770
5774
5773
5777
5776
5780
5779
5783
5782
5786
5785
5789
5788
5792
5791
5795
5794
5798
5797
5801
5800
5804
5803
5807
5806
5810
5809
5813
5812
5816
5815
5819
5818
5822
5821
5825
5824
5828
5827
5831
5830
5834
5833
5837
5836
5840
5839
5843
5842
5846
5845
5849
5848
5852
5851
5855
5854
5858
5857
5861
5860
5864
5863
5867
5866
5870
5869
5873
5872
5876
5875
5879
5878
5882
5881
5885
5884
5888
5887
5891
5890
5894
5893
5897
5896
5900
5899
5903
5902
5906
5905
5909
5908
5912
5911
5915
5914
5918
5917
5921
5920
5924
5923
5927
5926
5930
5929
5933
5932
5936
5935
5939
5938
5942
5941
5945
5944
5948
5947
5951
5950
5954
5953
5957
5956
5960
5959
5963
5962
5966
5965
5969
5968
5972
5971
5975
5974
5978
5977
5981
5980
5984
5983
5987
5986
5990
5989
5993
5992
5996
5995
5999
5998
6002
6001
6005
6004
6008
6007
6011
6010
6014
6013
6017
6016
6020
6019
6023
6022
6026
6025
6029
6028
6032
6031
6035
6034
6038
6037
6041
6040
6044
6043
6047
6046
6050
6049
6053
6052
6056
6055
6059
6058
6062
6061
6065
6064
6068
6067
6071
6070
6074
6073
6077
6076
6080
6079
6083
6082
6086
6085
6089
6088
6092
6091
6095
6094
6098
6097
6101
6100
6104
6103
6107
6106
6110
6109
6113
6112
6116
6115
6119
6118
6122
6121
6125
6124
6128
6127
6131
6130
6134
6133
6137
6136
6140
6139
6143
6142
6146
6145
6149
6148
6152
6151
6155
6154
6158
6157
6161
6160
6164
6163
6167
6166
6170
6169
6173
6172
6176
6175
6179
6178
6182
6181
6185
6184
6188
6187
6191
6190
6194
6193
6197
6196
6200
6199
6203
6202
6206
6205
6209
6208
6212
6211
6215
6214
6218
6217
6221
6220
6224
6223
6227
6226
6230
6229
6233
6232
6236
6235
6239
6238
6242
6241
6245
6244
6248
6247
6251
6250
6254
6253
6257
6256
6260
6259
6263
6262
6266
6265
6269
6268
6272
6271
6275
6274
6278
6277
6281
6280
6284
6283
6287
6286
6290
6289
6293
6292
6296
6295
6299
6298
6302
6301
6305
6304
6308
6307
6311
6310
6314
6313
6317
6316
6320
6319
6323
6322
6326
6325
6329
6328
6332
6331
6335
6334
6338
6337
6341
6340
6344
6343
6347
6346
6350
6349
6353
6352
6356
6355
6359
6358
6362
6361
6365
6364
6368
6367
6371
6370
6374
6373
6377
6376
6380
6379
6383
6382
6386
6385
6389
6388
6392
6391
6395
6394
6398
6397
6401
6400
6404
6403
6407
6406
6410
6409
6413
6412
6416
6415
6419
6418
6422
6421
6425
6424
6428
6427
6431
6430
6434
6433
6437
6436
6440
6439
6443
6442
6446
6445
6449
6448
6452
6451
6455
6454
6458
6457
6461
6460
6464
6463
6467
6466
6470
6469
6473
6472
6476
6475
6479
6478
6482
6481
6485
6484
6488
6487
6491
6490
6494
6493
6497
6496
6500
6499
6503
6502
6506
6505
6509
6508
6512
6511
6515
6514
6518
6517
6521
6520
6524
6523
6527
6526
6530
6529
6533
6532
6536
6535
6539
6538
6542
6541
6545
6544
6548
6547
6551
6550
6554
6553
6557
6556
6560
6559
6563
6562
6566
6565
6569
6568
6572
6571
6575
6574
6578
6577
6581
6580
6584
6583
6587
6586
6590
6589
6593
6592
6596
6595
6599
6598
6602
6601
6605
6604
6608
6607
6611
6610
6614
6613
6617
6616
6620
6619
6623
6622
6626
6625
6629
6628
6632
6631
6635
6634
6638
6637
6641
6640
6644
6643
6647
6646
6650
6649
6653
6652
6656
6655
6659
6658
6662
6661
6665
6664
6668
6667
6671
6670
6674
6673
6677
6676
6680
6679
6683
6682
6686
6685
6689
6688
6692
6691
6695
6694
6698
6697
6701
6700
6704
6703
6707
6706
6710
6709
6713
6712
6716
6715
6719
6718
6722
6721
6725
6724
6728
6727
6731
6730
6734
6733
6737
6736
6740
6739
6743
6742
6746
6745
6749
6748
6752
6751
6755
6754
6758
6757
6761
6760
6764
6763
6767
6766
6770
6769
6773
6772
6776
6775
6779
6778
6782
6781
6785
6784
6788
6787
6791
6790
6794
6793
6797
6796
6800
6799
6803
6802
6806
6805
6809
6808
6812
6811
6815
6814
6818
6817
6821
6820
6824
6823
6827
6826
6830
6829
6833
6832
6836
6835
6839
6838
6842
6841
6845
6844
6848
6847
6851
6850
6854
6853
6857
6856
6860
6859
6863
6862
6866
6865
6869
6868
6872
6871
6875
6874
6878
6877
6881
6880
6884
6883
6887
6886
6890
6889
6893
6892
6896
6895
6899
6898
6902
6901
6905
6904
6908
6907
6911
6910
6914
6913
6917
6916
6920
6919
6923
6922
6926
6925
6929
6928
6932
6931
6935
6934
6938
6937
6941
6940
6944
6943
6947
6946
6950
6949
6953
6952
6956
6955
6959
6958
6962
6961
6965
6964
6968
6967
6971
6970
6974
6973
6977
6976
6980
6979
6983
6982
6986
6985
6989
6988
6992
6991
6995
6994
6998
6997
7001
7000
7004
7003
7007
7006
7010
7009
7013
7012
7016
7015
7019
7018
7022
7021
7025
7024
7028
7027
7031
7030
7034
7033
7037
7036
7040
7039
7043
7042
7046
7045
7049
7048
7052
7051
7055
7054
7058
7057
7061
7060
7064
7063
7067
7066
7070
7069
7073
7072
7076
7075
7079
7078
7082
7081
7085
7084
7088
7087
7091
7090
7094
7093
7097
7096
7100
7099
7103
7102
7106
7105
7109
7108
7112
7111
7115
7114
7118
7117
7121
7120
7124
7123
7127
7126
7130
7129
7133
7132
7136
7135
7139
7138
7142
7141
7145
7144
7148
7147
7151
7150
7154
7153
7157
7156
7160
7159
7163
7162
7166
7165
7169
7168
7172
7171
7175
7174
7178
7177
7181
7180
7184
7183
7187
7186
7190
7189
7193
7192
7196
7195
7199
7198
7202
7201
7205
7204
7208
7207
7211
7210
7214
7213
7217
7216
7220
7219
7223
7222
7226
7225
7229
7228
7232
7231
7235
7234
7238
7237
7241
7240
7244
7243
7247
7246
7250
7249
7253
7252
7256
7255
7259
7258
7262
7261
7265
7264
7268
7267
7271
7270
7274
7273
7277
7276
7280
7279
7283
7282
7286
7285
7289
7288
7292
7291
7295
7294
7298
7297
7301
7300
7304
7303
7307
7306
7310
7309
7313
7312
7316
7315
7319
7318
7322
7321
7325
7324
7328
7327
7331
7330
7334
7333
7337
7336
7340
7339
7343
7342
7346
7345
7349
7348
7352
7351
7355
7354
7358
7357
7361
7360
7364
7363
7367
7366
7370
7369
7373
7372
7376
7375
7379
7378
7382
7381
7385
7384
7388
7387
7391
7390
7394
7393
7397
7396
7400
7399
7403
7402
7406
7405
7409
7408
7412
7411
7415
7414
7418
7417
7421
7420
7424
7423
7427
7426
7430
7429
7433
7432
7436
7435
7439
7438
7442
7441
7445
7444
7448
7447
7451
7450
7454
7453
7457
7456
7460
7459
7463
7462
7466
7465
7469
7468
7472
7471
7475
7474
7478
7477
7481
7480
7484
7483
7487
7486
7490
7489
7493
7492
7496
7495
7499
7498
7502
7501
7505
7504
7508
7507
7511
7510
7514
7513
7517
7516
7520
7519
7523
7522
7526
7525
7529
7528
7532
7531
7535
7534
7538
7537
7541
7540
7544
7543
7547
7546
7550
7549
7553
7552
7556
7555
7559
7558
7562
7561
7565
7564
7568
7567
7571
7570
7574
7573
7577
7576
7580
7579
7583
7582
7586
7585
7589
7588
7592
7591
7595
7594
7598
7597
7601
7600
7604
7603
7607
7606
7610
7609
7613
7612
7616
7615
7619
7618
7622
7621
7625
7624
7628
7627
7631
7630
7634
7633
7637
7636
7640
7639
7643
7642
7646
7645
7649
7648
7652
7651
7655
7654
7658
7657
7661
7660
7664
7663
7667
7666
7670
7669
7673
7672
7676
7675
7679
7678
7682
7681
7685
7684
7688
7687
7691
7690
7694
7693
7697
7696
7700
7699
7703
7702
7706
7705
7709
7708
7712
7711
7715
7714
7718
7717
7721
7720
7724
7723
7727
7726
7730
7729
7733
7732
7736
7735
7739
7738
7742
7741
7745
7744
7748
7747
7751
7750
7754
7753
7757
7756
7760
7759
7763
7762
7766
7765
7769
7768
7772
7771
7775
7774
7778
7777
7781
7780
7784
7783
7787
7786
7790
7789
7793
7792
7796
7795
7799
7798
7802
7801
7805
7804
7808
7807
7811
7810
7814
7813
7817
7816
7820
7819
7823
7822
7826
7825
7829
7828
7832
7831
7835
7834
7838
7837
7841
7840
7844
7843
7847
7846
7850
7849
7853
7852
7856
7855
7859
7858
7862
7861
7865
7864
7868
7867
7871
7870
7874
7873
7877
7876
7880
7879
7883
7882
7886
7885
7889
7888
7892
7891
7895
7894
7898
7897
7901
7900
7904
7903
7907
7906
7910
7909
7913
7912
7916
7915
7919
7918
7922
7921
7925
7924
7928
7927
7931
7930
7934
7933
7937
7936
7940
7939
7943
7942
7946
7945
7949
7948
7952
7951
7955
7954
7958
7957
7961
7960
7964
7963
7967
7966
7970
7969
7973
7972
7976
7975
7979
7978
7982
7981
7985
7984
7988
7987
7991
7990
7994
7993
7997
7996
8000
7999
8003
8002
8006
8005
8009
8008
8012
8011
8015
8014
8018
8017
8021
8020
8024
8023
8027
8026
8030
8029
8033
8032
8036
8035
8039
8038
8042
8041
8045
8044
8048
8047
8051
8050
8054
8053
8057
8056
8060
8059
8063
8062
8066
8065
8069
8068
8072
8071
8075
8074
8078
8077
8081
8080
8084
8083
8087
8086
8090
8089
8093
8092
8096
8095
8099
8098
8102
8101
8105
8104
8108
8107
8111
8110
8114
8113
8117
8116
8120
8119
8123
8122
8126
8125
8129
8128
8132
8131
8135
8134
8138
8137
8141
8140
8144
8143
8147
8146
8150
8149
8153
8152
8156
8155
8159
8158
8162
8161
8165
8164
8168
8167
8171
8170
8174
8173
8177
8176
8180
8179
8183
8182
8186
8185
8189
8188
8192
8191
8195
8194
8198
8197
8201
8200
8204
8203
8207
8206
8210
8209
8213
8212
8216
8215
8219
8218
8222
8221
8225
8224
8228
8227
8231
8230
8234
8233
8237
8236
8240
8239
8243
8242
8246
8245
8249
8248
8252
8251
8255
8254
8258
8257
8261
8260
8264
8263
8267
8266
8270
8269
8273
8272
8276
8275
8279
8278
8282
8281
8285
8284
8288
8287
8291
8290
8294
8293
8297
8296
8300
8299
8303
8302
8306
8305
8309
8308
8312
8311
8315
8314
8318
8317
8321
8320
8324
8323
8327
8326
8330
8329
8333
8332
8336
8335
8339
8338
8342
8341
8345
8344
8348
8347
8351
8350
8354
8353
8357
8356
8360
8359
8363
8362
8366
8365
8369
8368
8372
8371
8375
8374
8378
8377
8381
8380
8384
8383
8387
8386
8390
8389
8393
8392
8396
8395
8399
8398
8402
8401
8405
8404
8408
8407
8411
8410
8414
8413
8417
8416
8420
8419
8423
8422
8426
8425
8429
8428
8432
8431
8435
8434
8438
8437
8441
8440
8444
8443
8447
8446
8450
8449
8453
8452
8456
8455
8459
8458
8462
8461
8465
8464
8468
8467
8471
8470
8474
8473
8477
8476
8480
8479
8483
8482
8486
8485
8489
8488
8492
8491
8495
8494
8498
8497
8501
8500
8504
8503
8507
8506
8510
8509
8513
8512
8516
8515
8519
8518
8522
8521
8525
8524
8528
8527
8531
8530
8534
8533
8537
8536
8540
8539
8543
8542
8546
8545
8549
8548
8552
8551
8555
8554
8558
8557
8561
8560
8564
8563
8567
8566
8570
8569
8573
8572
8576
8575
8579
8578
8582
8581
8585
8584
8588
8587
8591
8590
8594
8593
8597
8596
8600
8599
8603
8602
8606
8605
8609
8608
8612
8611
8615
8614
8618
8617
8621
8620
8624
8623
8627
8626
8630
8629
8633
8632
8636
8635
8639
8638
8642
8641
8645
8644
8648
8647
8651
8650
8654
8653
8657
8656
8660
8659
8663
8662
8666
8665
8669
8668
8672
8671
8675
8674
8678
8677
8681
8680
8684
8683
8687
8686
8690
8689
8693
8692
8696
8695
8699
8698
8702
8701
8705
8704
8708
8707
8711
8710
8714
8713
8717
8716
8720
8719
8723
8722
8726
8725
8729
8728
8732
8731
8735
8734
8738
8737
8741
8740
8744
8743
8747
8746
8750
8749
8753
8752
8756
8755
8759
8758
8762
8761
8765
8764
8768
8767
8771
8770
8774
8773
8777
8776
8780
8779
8783
8782
8786
8785
8789
8788
8792
8791
8795
8794
8798
8797
8801
8800
8804
8803
8807
8806
8810
8809
8813
8812
8816
8815
8819
8818
8822
8821
8825
8824
8828
8827
8831
8830
8834
8833
8837
8836
8840
8839
8843
8842
8846
8845
8849
8848
8852
8851
8855
8854
8858
8857
8861
8860
8864
8863
8867
8866
8870
8869
8873
8872
8876
8875
8879
8878
8882
8881
8885
8884
8888
8887
8891
8890
8894
8893
8897
8896
8900
8899
8903
8902
8906
8905
8909
8908
8912
8911
8915
8914
8918
8917
8921
8920
8924
8923
8927
8926
8930
8929
8933
8932
8936
8935
8938
8940
8942
8944
8946
8948
8950
8952
8954
8956
8958
8960
8962
8964
8966
8968
8970
8972
8974
8976
8978
8980
8982
8984
8986
8988
8990
8992
8994
8996
8998
9000
9002
9004
9006
9008
9010
9012
9014
9016
9018
9020
9022
9024
9026
9028
9030
9032
9034
9036
9038
9040
9042
9044
9046
9048
9050
9052
9054
9056
9058
9060
9062
9064
9066
9068
9070
9072
9074
9076
9078
9080
9082
9084
9086
9088
9090
9092
9094
9096
9098
9100
9102
9104
9106
9108
9110
9112
9114
9116
9118
9120
9122
9124
9126
9128
9130
9132
9134
9136
9138
9140
9142
9144
9146
9148
9150
9152
9154
9156
9158
9160
9162
9164
9166
9168
9170
9172
9174
9176
9178
9180
9182
9184
9186
9188
9190
9192
9194
9196
9198
9200
9202
9204
9206
9208
9210
9212
9214
9216
9218
9220
9222
9224
9226
9228
9230
9232
9234
9236
9238
9240
9242
9244
9246
9248
9250
9252
9254
9256
9258
9260
9262
9264
9266
9268
9270
9272
9274
9276
9278
9280
9282
9284
9286
9288
9290
9292
9294
9296
9298
9300
9302
9304
9306
9308
9310
9312
9314
9316
9318
9320
9322
9324
9326
9328
9330
9332
9334
9336
9338
9340
9342
9344
9346
9348
9350
9352
9354
9356
9358
9360
9362
9364
9366
9368
9370
9372
9374
9376
9378
9380
9382
9384
9386
9388
9390
9392
9394
9396
9398
9400
9402
9404
9406
9408
9410
9412
9414
9416
9418
9420
9422
9424
9426
9428
9430
9432
9434
9436
9438
9440
9442
9444
9446
9448
9450
9452
9454
9456
9458
9460
9462
9464
9466
9468
9470
9472
9474
9476
9478
9480
9482
9484
9486
9488
9490
9492
9494
9496
9498
9500
9502
9504
9506
9508
9510
9512
9514
9516
9518
9520
9522
9524
9526
9528
9530
9532
9534
9536
9538
9540
9542
9544
9546
9548
9550
9552
9554
9556
9558
9560
9562
9564
9566
9568
9570
9572
9574
9576
9578
9580
9582
9584
9586
9588
9590
9592
9594
9596
9598
9600
9602
9604
9606
9608
9610
9612
9614
9616
9618
9620
9622
9624
9626
9628
9630
9632
9634
9636
9638
9640
9642
9644
9646
9648
9650
9652
9654
9656
9658
9660
9662
9664
9666
9668
9670
9672
9674
9676
9678
9680
9682
9684
9686
9688
9690
9692
9694
9696
9698
9700
9702
9704
9706
9708
9710
9712
9714
9716
9718
9720
9722
9724
9726
9728
9730
9732
9734
9736
9738
9740
9742
9744
9746
9748
9750
9752
9754
9756
9758
9760
9762
9764
9766
9768
9770
9772
9774
9776
9778
9780
9782
9784
9786
9788
9790
9792
9794
9796
9798
9800
9802
9804
9806
9808
9810
9812
9814
9816
9818
9820
9822
9824
9826
9828
9830
9832
9834
9836
9838
9840
9842
9844
9846
9848
9850
9852
9854
9856
9858
9860
9862
9864
9866
9868
9870
9872
9874
9876
9878
9880
9882
9884
9886
9888
9890
9892
9894
9896
9898
9900
9902
9904
9906
9908
9910
9912
9914
9916
9918
9920
9922
9924
9926
9928
9930
9932
9934
9936
9938
9940
9942
9944
9946
9948
9950
9952
9954
9956
9958
9960
9962
9964
9966
9968
9970
9972
9974
9976
9978
9980
9982
9984
9986
9988
9990
9992
9994
9996
9998
10000
10002
10004
10006
10008
10010
10012
10014
10016
10018
10020
10022
10024
10026
10028
10030
10032
10034
10036
10038
10040
10042
10044
10046
10048
10050
10052
10054
10056
10058
10060
10062
10064
10066
10068
10070
10072
10074
10076
10078
10080
10082
10084
10086
10088
10090
10092
10094
10096
10098
10100
10102
10104
10106
10108
10110
10112
10114
10116
10118
10120
10122
10124
10126
10128
10130
10132
10134
10136
10138
10140
10142
10144
10146
10148
10150
10152
10154
10156
10158
10160
10162
10164
10166
10168
10170
10172
10174
10176
10178
10180
10182
10184
10186
10188
10190
10192
10194
10196
10198
10200
10202
10204
10206
10208
10210
10212
10214
10216
10218
10220
10222
10224
10226
10228
10230
10232
10234
10236
10238
10240
10242
10244
10246
10248
10250
10252
10254
10256
10258
10260
10262
10264
10266
10268
10270
10272
10274
10276
10278
10280
10282
10284
10286
10288
10290
10292
10294
10296
10298
10300
10302
10304
10306
10308
10310
10312
10314
10316
10318
10320
10322
10324
10326
10328
10330
10332
10334
10336
10338
10340
10342
10344
10346
10348
10350
10352
10354
10356
10358
10360
10362
10364
10366
10368
10370
10372
10374
10376
10378
10380
10382
10384
10386
10388
10390
10392
10394
10396
10398
10400
10402
10404
10406
10408
10410
10412
10414
10416
10418
10420
10422
10424
10426
10428
10430
10432
10434
10436
10438
10440
10442
10444
10446
10448
10450
10452
10454
10456
10458
10460
10462
10464
10466
10468
10470
10472
10474
10476
10478
10480
10482
10484
10486
10488
10490
10492
10494
10496
10498
10500
10502
10504
10506
10508
10510
10512
10514
10516
10518
10520
10522
10524
10526
10528
10530
10532
10534
10536
10538
10540
10542
10544
10546
10548
10550
10552
10554
10556
10558
10560
10562
10564
10566
10568
10570
10572
10574
10576
10578
10580
10582
10584
10586
10588
10590
10592
10594
10596
10598
10600
10602
10604
10606
10608
10610
10612
10614
10616
10618
10620
10622
10624
10626
10628
10630
10632
10634
10636
10638
10640
10642
10644
10646
10648
10650
10652
10654
10656
10658
10660
10662
10664
10666
10668
10670
10672
10674
10676
10678
10680
10682
10684
10686
10688
10690
10692
10694
10696
10698
10700
10702
10704
10706
10708
10710
10712
10714
10716
10718
10720
10722
10724
10726
10728
10730
10732
10734
10736
10738
10740
10742
10744
10746
10748
10750
10752
10754
10756
10758
10760
10762
10764
10766
10768
10770
10772
10774
10776
10778
10780
10782
10784
10786
10788
10790
10792
10794
10796
10798
10800
10802
10804
10806
10808
10810
10812
10814
10816
10818
10820
10822
10824
10826
10828
10830
10832
10834
10836
10838
10840
10842
10844
10846
10848
10850
10852
10854
10856
10858
10860
10862
10864
10866
10868
10870
10872
10874
10876
10878
10880
10882
10884
10886
10888
10890
10892
10894
10896
10898
10900
10902
10904
10906
10908
10910
10912
10914
10916
10918
10920
10922
10924
10926
10928
10930
10932
10934
10936
10938
10940
10942
10944
10946
10948
10950
10952
10954
10956
10958
10960
10962
10964
10966
10968
10970
10972
10974
10976
10978
10980
10982
10984
10986
10988
10990
10992
10994
10996
10998
11000
11002
11004
11006
11008
11010
11012
11014
11016
11018
11020
11022
11024
11026
11028
11030
11032
11034
11036
11038
11040
11042
11044
11046
11048
11050
11052
11054
11056
11058
11060
11062
11064
11066
11068
11070
11072
11074
11076
11078
11080
11082
11084
11086
11088
11090
11092
11094
11096
11098
11100
11102
11104
11106
11108
11110
11112
11114
11116
11118
11120
11122
11124
11126
11128
11130
11132
11134
11136
11138
11140
11142
11144
11146
11148
11150
11152
11154
11156
11158
11160
11162
11164
11166
11168
11170
11172
11174
11176
11178
11180
11182
11184
11186
11188
11190
11192
11194
11196
11198
11200
11202
11204
11206
11208
11210
11212
11214
11216
11218
11220
11222
11224
11226
11228
11230
11232
11234
11236
11238
11240
11242
11244
11246
11248
11250
11252
11254
11256
11258
11260
11262
11264
11266
11268
11270
11272
11274
11276
11278
11280
11282
11284
11286
11288
11290
11292
11294
11296
11298
11300
11302
11304
11306
11308
11310
11312
11314
11316
11318
11320
11322
11324
11326
11328
11330
11332
11334
11336
11338
11340
11342
11344
11346
11348
11350
11352
11354
11356
11358
11360
11362
11364
11366
11368
11370
11372
11374
11376
11378
11380
11382
11384
11386
11388
11390
11392
11394
11396
11398
11400
11402
11404
11406
11408
11410
11412
11414
11416
11418
11420
11422
11424
11426
11428
11430
11432
11434
11436
11438
11440
11442
11444
11446
11448
11450
11452
11454
11456
11458
11460
11462
11464
11466
11468
11470
11472
11474
11476
11478
11480
11482
11484
11486
11488
11490
11492
11494
11496
11498
11500
11502
11504
11506
11508
11510
11512
11514
11516
11518
11520
11522
11524
11526
11528
11530
11532
11534
11536
11538
11540
11542
11544
11546
11548
11550
11552
11554
11556
11558
11560
11562
11564
11566
11568
11570
11572
11574
11576
11578
11580
11582
11584
11586
11588
11590
11592
11594
11596
11598
11600
11602
11604
11606
11608
11610
11612
11614
11616
11618
11620
11622
11624
11626
11628
11630
11632
11634
11636
11638
11640
11642
11644
11646
11648
11650
11652
11654
11656
11658
11660
11662
11664
11666
11668
11670
11672
11674
11676
11678
11680
11682
11684
11686
11688
11690
11692
11694
11696
11698
11700
11702
11704
11706
11708
11710
11712
11714
11716
11718
11720
11722
11724
11726
11728
11730
11732
11734
11736
11738
11740
11742
11744
11746
11748
11750
11752
11754
11756
11758
11760
11762
11764
11766
11768
11770
11772
11774
11776
11778
11780
11782
11784
11786
11788
11790
11792
11794
11796
11798
11800
11802
11804
11806
11808
11810
11812
11814
11816
11818
11820
11822
11824
11826
11828
11830
11832
11834
11836
11838
11840
11842
11844
11846
11848
11850
11852
11854
11856
11858
11860
11862
11864
11866
11868
11870
11872
11874
11876
11878
11880
11882
11884
11886
11888
11890
11892
11894
11896
11898
11900
11902
11904
11906
11908
11910
11912
11914
11916
11918
11920
11922
11924
11926
11928
11930
11932
11934
11936
11938
11940
11942
11944
11946
11948
11950
11952
11954
11956
11958
11960
11962
11964
11966
11968
11970
11972
11974
11976
11978
11980
11982
11984
11986
11988
11990
11992
11994
11996
11998
12000
12002
12004
12006
12008
12010
12012
12014
12016
12018
12020
12022
12024
12026
12028
12030
12032
12034
12036
12038
12040
12042
12044
12046
12048
12050
12052
12054
12056
12058
12060
12062
12064
12066
12068
12070
12072
12074
12076
12078
12080
12082
12084
12086
12088
12090
12092
12094
12096
12098
12100
12102
12104
12106
12108
12110
12112
12114
12116
12118
12120
12122
12124
12126
12128
12130
12132
12134
12136
12138
12140
12142
12144
12146
12148
12150
12152
12154
12156
12158
12160
12162
12164
12166
12168
12170
12172
12174
12176
12178
12180
12182
12184
12186
12188
12190
12192
12194
12196
12198
12200
12202
12204
12206
12208
12210
12212
12214
12216
12218
12220
12222
12224
12226
12228
12230
12232
12234
12236
12238
12240
12242
12244
12246
12248
12250
12252
12254
12256
12258
12260
12262
12264
12266
12268
12270
12272
12274
12276
12278
12280
12282
12284
12286
12288
12290
12292
12294
12296
12298
12300
12302
12304
12306
12308
12310
12312
12314
12316
12318
12320
12322
12324
12326
12328
12330
12332
12334
12336
12338
12340
12342
12344
12346
12348
12350
12352
12354
12356
12358
12360
12362
12364
12366
12368
12370
12372
12374
12376
12378
12380
12382
12384
12386
12388
12390
12392
12394
12396
12398
12400
12402
12404
12406
12408
12410
12412
12414
12416
12418
12420
12422
12424
12426
12428
12430
12432
12434
12436
12438
12440
12442
12444
12446
12448
12450
12452
12454
12456
12458
12460
12462
12464
12466
12468
12470
12472
12474
12476
12478
12480
12482
12484
12486
12488
12490
12492
12494
12496
12498
12500
12502
12504
12506
12508
12510
12512
12514
12516
12518
12520
12522
12524
12526
12528
12530
12532
12534
12536
12538
12540
12542
12544
12546
12548
12550
12552
12554
12556
12558
12560
12562
12564
12566
12568
12570
12572
12574
12576
12578
12580
12582
12584
12586
12588
12590
12592
12594
12596
12598
12600
12602
12604
12606
12608
12610
12612
12614
12616
12618
12620
12622
12624
12626
12628
12630
12632
12634
12636
12638
12640
12642
12644
12646
12648
12650
12652
12654
12656
12658
12660
12662
12664
12666
12668
12670
12672
12674
12676
12678
12680
12682
12684
12686
12688
12690
12692
12694
12696
12698
12700
12702
12704
12706
12708
12710
12712
12714
12716
12718
12720
12722
12724
12726
12728
12730
12732
12734
12736
12738
12740
12742
12744
12746
12748
12750
12752
12754
12756
12758
12760
12762
12764
12766
12768
12770
12772
12774
12776
12778
12780
12782
12784
12786
12788
12790
12792
12794
12796
12798
12800
12802
12804
12806
12808
12810
12812
12814
12816
12818
12820
12822
12824
12826
12828
12830
12832
12834
12836
12838
12840
12842
12844
12846
12848
12850
12852
12854
12856
12858
12860
12862
12864
12866
12868
12870
12872
12874
12876
12878
12880
12882
12884
12886
12888
12890
12892
12894
12896
12898
12900
12902
12904
12906
12908
12910
12912
12914
12916
12918
12920
12922
12924
12926
12928
12930
12932
12934
12936
12938
12940
12942
12944
12946
12948
12950
12952
12954
12956
12958
12960
12962
12964
12966
12968
12970
12972
12974
12976
12978
12980
12982
12984
12986
12988
12990
12992
12994
12996
12998
13000
13002
13004
13006
13008
13010
13012
13014
13016
13018
13020
13022
13024
13026
13028
13030
13032
13034
13036
13038
13040
13042
13044
13046
13048
13050
13052
13054
13056
13058
13060
13062
13064
13066
13068
13070
13072
13074
13076
13078
13080
13082
13084
13086
13088
13090
13092
13094
13096
13098
13100
13102
13104
13106
13108
13110
13112
13114
13116
13118
13120
13122
13124
13126
13128
13130
13132
13134
13136
13138
13140
13142
13144
13146
13148
13150
13152
13154
13156
13158
13160
13162
13164
13166
13168
13170
13172
13174
13176
13178
13180
13182
13184
13186
13188
13190
13192
13194
13196
13198
13200
13202
13204
13206
13208
13210
13212
13214
13216
13218
13220
13222
13224
13226
13228
13230
13232
13234
13236
13238
13240
13242
13244
13246
13248
13250
13252
13254
13256
13258
13260
13262
13264
13266
13268
13270
13272
13274
13276
13278
13280
13282
13284
13286
13288
13290
13292
13294
13296
13298
13300
13302
13304
13306
13308
13310
13312
13314
13316
13318
13320
13322
13324
13326
13328
13330
13332
13334
13336
13338
13340
13342
13344
13346
13348
13350
13352
13354
13356
13358
13360
13362
13364
13366
13368
13370
13372
13374
13376
13378
13380
13382
13384
13386
13388
13390
13392
13394
13396
13398
13400
13402
13404
13406
13408
13410
13412
13414
13416
13418
13420
13422
13424
13426
13428
13430
13432
13434
13436
13438
13440
13442
13444
13446
13448
13450
13452
13454
13456
13458
13460
13462
13464
13466
13468
13470
13472
13474
13476
13478
13480
13482
13484
13486
13488
13490
13492
13494
13496
13498
13500
13502
13504
13506
13508
13510
13512
13514
13516
13518
13520
13522
13524
13526
13528
13530
13532
13534
13536
13538
13540
13542
13544
13546
13548
13550
13552
13554
13556
13558
13560
13562
13564
13566
13568
13570
13572
13574
13576
13578
13580
13582
13584
13586
13588
13590
13592
13594
13596
13598
13600
13602
13604
13606
13608
13610
13612
13614
13616
13618
13620
13622
13624
13626
13628
13630
13632
13634
13636
13638
13640
13642
13644
13646
13648
13650
13652
13654
13656
13658
13660
13662
13664
13666
13668
13670
13672
13674
13676
13678
13680
13682
13684
13686
13688
13690
13692
13694
13696
13698
13700
13702
13704
13706
13708
13710
13712
13714
13716
13718
13720
13722
13724
13726
13728
13730
13732
13734
13736
13738
13740
13742
13744
13746
13748
13750
13752
13754
13756
13758
13760
13762
13764
13766
13768
13770
13772
13774
13776
13778
13780
13782
13784
13786
13788
13790
13792
13794
13796
13798
13800
13802
13804
13806
13808
13810
13812
13814
13816
13818
13820
13822
13824
13826
13828
13830
13832
13834
13836
13838
13840
13842
13844
13846
13848
13850
13852
13854
13856
13858
13860
13862
13864
13866
13868
13870
13872
13874
13876
13878
13880
13882
13884
13886
13888
13890
13892
13894
13896
13898
13900
13902
13904
13906
13908
13910
13912
13914
13916
13918
13920
13922
13924
13926
13928
13930
13932
13934
13936
13938
13940
13942
13944
13946
13948
13950
13952
13954
13956
13958
13960
13962
13964
13966
13968
13970
13972
13974
13976
13978
13980
13982
13984
13986
13988
13990
13992
13994
13996
13998
14000
14002
14004
14006
14008
14010
14012
14014
14016
14018
14020
14022
14024
14026
14028
14030
14032
14034
14036
14038
14040
14042
14044
14046
14048
14050
14052
14054
14056
14058
14060
14062
14064
14066
14068
14070
14072
14074
14076
14078
14080
14082
14084
14086
14088
14090
14092
14094
14096
14098
14100
14102
14104
14106
14108
14110
14112
14114
14116
14118
14120
14122
14124
14126
14128
14130
14132
14134
14136
14138
14140
14142
14144
14146
14148
14150
14152
14154
14156
14158
14160
14162
14164
14166
14168
14170
14172
14174
14176
14178
14180
14182
14184
14186
14188
14190
14192
14194
14196
14198
14200
14202
14204
14206
14208
14210
14212
14214
14216
14218
14220
14222
14224
14226
14228
14230
14232
14234
14236
14238
14240
14242
14244
14246
14248
14250
14252
14254
14256
14258
14260
14262
14264
14266
14268
14270
14272
14274
14276
14278
14280
14282
14284
14286
14288
14290
14292
14294
14296
14298
14300
14302
14304
14306
14308
14310
14312
14314
14316
14318
14320
14322
14324
14326
14328
14330
14332
14334
14336
14338
14340
14342
14344
14346
14348
14350
14352
14354
14356
14358
14360
14362
14364
14366
14368
14370
14372
14374
14376
14378
14380
14382
14384
14386
14388
14390
14392
14394
14396
14398
14400
14402
14404
14406
14408
14410
14412
14414
14416
14418
14420
14422
14424
14426
14428
14430
14432
14434
14436
14438
14440
14442
14444
14446
14448
14450
14452
14454
14456
14458
14460
14462
14464
14466
14468
14470
14472
14474
14476
14478
14480
14482
14484
14486
14488
14490
14492
14494
14496
14498
14500
14502
14504
14506
14508
14510
14512
14514
14516
14518
14520
14522
14524
14526
14528
14530
14532
14534
14536
14538
14540
14542
14544
14546
14548
14550
14552
14554
14556
14558
14560
14562
14564
14566
14568
14570
14572
14574
14576
14578
14580
14582
14584
14586
14588
14590
14592
14594
14596
14598
14600
14602
14604
14606
14608
14610
14612
14614
14616
14618
14620
14622
14624
14626
14628
14630
14632
14634
14636
14638
14640
14642
14644
14646
14648
14650
14652
14654
14656
14658
14660
14662
14664
14666
14668
14670
14672
14674
14676
14678
14680
14682
14684
14686
14688
14690
14692
14694
14696
14698
14700
14702
14704
14706
14708
14710
14712
14714
14716
14718
14720
14722
14724
14726
14728
14730
14732
14734
14736
14738
14740
14742
14744
14746
14748
14750
14752
14754
14756
14758
14760
14762
14764
14766
14768
14770
14772
14774
14776
14778
14780
14782
14784
14786
14788
14790
14792
14794
14796
14798
14800
14802
14804
14806
14808
14810
14812
14814
14816
14818
14820
14822
14824
14826
14828
14830
14832
14834
14836
14838
14840
14842
14844
14846
14848
14850
14852
14854
14856
14858
14860
14862
14864
14866
14868
14870
14872
14874
14876
14878
14880
14882
14884
14886
14888
14890
14892
14894
14896
14898
14900
14902
14904
14906
14908
14910
14912
14914
14916
14918
14920
14922
14924
14926
14928
14930
14932
14934
14936
14938
14940
14942
14944
14946
14948
14950
14952
14954
14956
14958
14960
14962
14964
14966
14968
14970
14972
14974
14976
14978
14980
14982
14984
14986
14988
14990
14992
14994
14996
14998
15000
15002
15004
15006
15008
15010
15012
15014
15016
15018
15020
15022
15024
15026
15028
15030
15032
15034
15036
15038
15040
15042
15044
15046
15048
15050
15052
15054
15056
15058
15060
15062
15064
15066
15068
15070
15072
15074
15076
15078
15080
15082
15084
15086
15088
15090
15092
15094
15096
15098
15100
15102
15104
15106
15108
15110
15112
15114
15116
15118
15120
15122
15124
15126
15128
15130
15132
15134
15136
15138
15140
15142
15144
15146
15148
15150
15152
15154
15156
15158
15160
15162
15164
15166
15168
15170
15172
15174
15176
15178
15180
15182
15184
15186
15188
15190
15192
15194
15196
15198
15200
15202
15204
15206
15208
15210
15212
15214
15216
15218
15220
15222
15224
15226
15228
15230
15232
15234
15236
15238
15240
15242
15244
15246
15248
15250
15252
15254
15256
15258
15260
15262
15264
15266
15268
15270
15272
15274
15276
15278
15280
15282
15284
15286
15288
15290
15292
15294
15296
15298
15300
15302
15304
15306
15308
15310
15312
15314
15316
15318
15320
15322
15324
15326
15328
15330
15332
15334
15336
15338
15340
15342
15344
15346
15348
15350
15352
15354
15356
15358
15360
15362
15364
15366
15368
15370
15372
15374
15376
15378
15380
15382
15384
15386
15388
15390
15392
15394
15396
15398
15400
15402
15404
15406
15408
15410
15412
15414
15416
15418
15420
15422
15424
15426
15428
15430
15432
15434
15436
15438
15440
15442
15444
15446
15448
15450
15452
15454
15456
15458
15460
15462
15464
15466
15468
15470
15472
15474
15476
15478
15480
15482
15484
15486
15488
15490
15492
15494
15496
15498
15500
15502
15504
15506
15508
15510
15512
15514
15516
15518
15520
15522
15524
15526
15528
15530
15532
15534
15536
15538
15540
15542
15544
15546
15548
15550
15552
15554
15556
15558
15560
15562
15564
15566
15568
15570
15572
15574
15576
15578
15580
15582
15584
15586
15588
15590
15592
15594
15596
15598
15600
15602
15604
15606
15608
15610
15612
15614
15616
15618
15620
15622
15624
15626
15628
15630
15632
15634
15636
15638
15640
15642
15644
15646
15648
15650
15652
15654
15656
15658
15660
15662
15664
15666
15668
15670
15672
15674
15676
15678
15680
15682
15684
15686
15688
15690
15692
15694
15696
15698
15700
15702
15704
15706
15708
15710
15712
15714
15716
15718
15720
15722
15724
15726
15728
15730
15732
15734
15736
15738
15740
15742
15744
15746
15748
15750
15752
15754
15756
15758
15760
15762
15764
15766
15768
15770
15772
15774
15776
15778
15780
15782
15784
15786
15788
15790
15792
15794
15796
15798
15800
15802
15804
15806
15808
15810
15812
15814
15816
15818
15820
15822
15824
15826
15828
15830
15832
15834
15836
15838
15840
15842
15844
15846
15848
15850
15852
15854
15856
15858
15860
15862
15864
15866
15868
15870
15872
15874
15876
15878
15880
15882
15884
15886
15888
15890
15892
15894
15896
15898
15900
15902
15904
15906
15908
15910
15912
15914
15916
15918
15920
15922
15924
15926
15928
15930
15932
15934
15936
15938
15940
15942
15944
15946
15948
15950
15952
15954
15956
15958
15960
15962
15964
15966
15968
15970
15972
15974
15976
15978
15980
15982
15984
15986
15988
15990
15992
15994
15996
15998
16000
16002
16004
16006
16008
16010
16012
16014
16016
16018
16020
16022
16024
16026
16028
16030
16032
16034
16036
16038
16040
16042
16044
16046
16048
16050
16052
16054
16056
16058
16060
16062
16064
16066
16068
16070
16072
16074
16076
16078
16080
16082
16084
16086
16088
16090
16092
16094
16096
16098
16100
16102
16104
16106
16108
16110
16112
16114
16116
16118
16120
16122
16124
16126
16128
16130
16132
16134
16136
16138
16140
16142
16144
16146
16148
16150
16152
16154
16156
16158
16160
16162
16164
16166
16168
16170
16172
16174
16176
16178
16180
16182
16184
16186
16188
16190
16192
16194
16196
16198
16200
16202
16204
16206
16208
16210
16212
16214
16216
16218
16220
16222
16224
16226
16228
16230
16232
16234
16236
16238
16240
16242
16244
16246
16248
16250
16252
16254
16256
16258
16260
16262
16264
16266
16268
16270
16272
16274
16276
16278
16280
16282
16284
16286
16288
16290
16292
16294
16296
16298
16300
16302
16304
16306
16308
16310
16312
16314
16316
16318
16320
16322
16324
16326
16328
16330
16332
16334
16336
16338
16340
16342
16344
16346
16348
16350
16352
16354
16356
16358
16360
16362
16364
16366
16368
16370
16372
16374
16376
16378
16380
16382
16384
16386
16388
16390
16392
16394
16396
16398
16400
16402
16404
16406
16408
16410
16412
16414
16416
16418
16420
16422
16424
16426
16428
16430
16432
16434
16436
16438
16440
16442
16444
16446
16448
16450
16452
16454
16456
16458
16460
16462
16464
16466
16468
16470
16472
16474
16476
16478
16480
16482
16484
16486
16488
16490
16492
16494
16496
16498
16500
16502
16504
16506
16508
16510
16512
16514
16516
16518
16520
16522
16524
16526
16528
16530
16532
16534
16536
16538
16540
16542
16544
16546
16548
16550
16552
16554
16556
16558
16560
16562
16564
16566
16568
16570
16572
16574
16576
16578
16580
16582
16584
16586
16588
16590
16592
16594
16596
16598
16600
16602
16604
16606
16608
16610
16612
16614
16616
16618
16620
16622
16624
16626
16628
16630
16632
16634
16636
16638
16640
16642
16644
16646
16648
16650
16652
16654
16656
16658
16660
16662
16664
16666
16668
16670
16672
16674
16676
16678
16680
16682
16684
16686
16688
16690
16692
16694
16696
16698
16700
16702
16704
16706
16708
16710
16712
16714
16716
16718
16720
16722
16724
16726
16728
16730
16732
16734
16736
16738
16740
16742
16744
16746
16748
16750
16752
16754
16756
16758
16760
16762
16764
16766
16768
16770
16772
16774
16776
16778
16780
16782
16784
16786
16788
16790
16792
16794
16796
16798
16800
16802
16804
16806
16808
16810
16812
16814
16816
16818
16820
16822
16824
16826
16828
16830
16832
16834
16836
16838
16840
16842
16844
16846
16848
16850
16852
16854
16856
16858
16860
16862
16864
16866
16868
16870
16872
16874
16876
16878
16880
16882
16884
16886
16888
16890
16892
16894
16896
16898
16900
16902
16904
16906
16908
16910
16912
16914
16916
16918
16920
16922
16924
16926
16928
16930
16932
16934
16936
16938
16940
16942
16944
16946
16948
16950
16952
16954
16956
16958
16960
16962
16964
16966
16968
16970
16972
16974
16976
16978
16980
16982
16984
16986
16988
16990
16992
16994
16996
16998
17000
17002
17004
17006
17008
17010
17012
17014
17016
17018
17020
