1000
97 107 169 170
98 107 168 169
99 150 167 168
272 280 304 305
273 277 303 305
274 278 302 305
358 363 398 399
359 408 397 398
360 375 396 399
476 496 506 507
477 480 505 507
478 479 504 505
592 640 657 658
593 613 656 657
594 595 655 657
682 703 800 801
683 710 799 800
684 702 798 801
892 893 992 993
893 908 991 992
894 895 990 993
1029 1030 1089 1090
1030 1038 1088 1089
1031 1032 1087 1088
1135 1182 1217 1218
1136 1177 1216 1217
1137 1169 1215 1216
1270 1274 1322 1323
1271 1308 1321 1323
1272 1281 1320 1323
1393 1407 1485 1486
1394 1413 1484 1486
1395 1417 1483 1486
1574 1592 1604 1605
1575 1576 1603 1605
1576 1586 1602 1603
1661 1668 1658 1659
1662 1665 1657 1658
1663 1672 1656 1658
1744 1752 1822 1823
1745 1831 1821 1822
1746 1747 1820 1821
1876 1898 1916 1917
1877 1878 1915 1917
1878 1887 1914 1917
1983 2014 2033 2034
1984 1995 2032 2033
1985 2023 2031 2032
2117 2162 2123 2124
2118 2129 2122 2123
2119 2159 2121 2122
2238 2281 2293 2294
2239 2321 2292 2293
2240 2244 2291 2294
2385 2436 2496 2497
2386 2408 2495 2497
2387 2404 2494 2496
2522 2573 2640 2641
2523 2565 2639 2640
2524 2568 2638 2639
2669 2675 2757 2758
2670 2671 2756 2757
2671 2688 2755 2758
2811 2821 2835 2836
2812 2834 2834 2835
2813 2845 2833 2835
2939 2940 2973 2974
2940 2948 2972 2973
2941 2972 2971 2972
3068 3086 3111 3112
3069 3097 3110 3112
3070 3089 3109 3112
3139 3141 3238 3239
3140 3141 3237 3238
3141 3150 3236 3239
3314 3327 3396 3397
3315 3345 3395 3397
3316 3367 3394 3395
3493 3567 3502 3503
3494 3548 3501 3502
3495 3500 3500 3503
3693 3719 3691 3692
3694 3695 3690 3692
3695 3704 3689 3692
3839 3911 3808 3809
3840 3864 3807 3808
3841 3871 3806 3808
3963 4027 3999 4000
3964 3998 3998 3999
3965 3992 3997 4000
4101 4162 4107 4108
4102 4148 4106 4107
4103 4144 4105 4108
4235 4261 4244 4245
4236 4295 4243 4244
4237 4238 4242 4243
4377 4401 4376 4377
4378 4408 4375 4376
4379 4442 4374 4375
4546 4583 4608 4609
4547 4558 4607 4609
4548 4580 4606 4608
4693 4707 4720 4721
4694 4705 4719 4720
4695 4700 4718 4719
4755 4793 4893 4894
4756 4786 4892 4893
4757 4778 4891 4893
4948 4954 5041 5042
4949 4953 5040 5041
4950 4955 5039 5041
5131 5186 5198 5199
5132 5169 5197 5198
5133 5196 5196 5197
5234 5254 5294 5295
5235 5268 5293 5295
5236 5237 5292 5293
5358 5389 5454 5455
5359 5379 5453 5454
5360 5376 5452 5453
5479 5515 5552 5553
5480 5492 5551 5553
5481 5554 5550 5551
5649 5684 5606 5607
5650 5654 5605 5606
5651 5652 5604 5606
5774 5829 5740 5741
5775 5796 5739 5740
5776 5838 5738 5739
5897 5961 6039 6040
5898 5980 6038 6040
5899 5928 6037 6040
6106 6134 6218 6219
6107 6133 6217 6219
6108 6131 6216 6218
6244 6264 6349 6350
6245 6248 6348 6350
6246 6254 6347 6348
6407 6408 6413 6414
6408 6419 6412 6413
6409 6421 6411 6414
6516 6586 6562 6563
6517 6527 6561 6563
6518 6558 6560 6562
6691 6745 6728 6729
6692 6693 6727 6728
6693 6785 6726 6727
6816 6901 6864 6865
6817 6884 6863 6864
6818 6842 6862 6864
6988 6991 7055 7056
6989 7020 7054 7056
6990 7005 7053 7056
7113 7159 7204 7205
7114 7158 7203 7204
7115 7145 7202 7204
7282 7347 7321 7322
7283 7346 7320 7322
7284 7333 7319 7320
7395 7403 7476 7477
7396 7417 7475 7477
7397 7412 7474 7476
7517 7553 7645 7646
7518 7547 7644 7645
7519 7520 7643 7644
7680 7690 7815 7816
7681 7690 7814 7815
7682 7690 7813 7815
7877 7944 7947 7948
7878 7883 7946 7948
7879 7928 7945 7946
7987 7999 8094 8095
7988 7996 8093 8094
7989 8031 8092 8093
8170 8220 8242 8243
8171 8213 8241 8242
8172 8198 8240 8243
8329 8363 8327 8328
8330 8381 8326 8327
8331 8375 8325 8327
8464 8526 8612 8613
8465 8517 8611 8612
8466 8513 8610 8611
8636 8693 8772 8773
8637 8682 8771 8772
8638 8658 8770 8773
8847 8875 8923 8924
8848 8885 8922 8923
8849 8875 8921 8922
8974 8982 9036 9037
8975 8985 9035 9036
8976 9006 9034 9035
9089 9094 9080 9081
9090 9138 9079 9080
9091 9112 9078 9079
9181 9200 9299 9300
9182 9210 9298 9300
9183 9206 9297 9300
9343 9349 9392 9393
9344 9355 9391 9393
9345 9346 9390 9391
9441 9462 9560 9561
9442 9444 9559 9560
9443 9456 9558 9559
9633 9673 9730 9731
9634 9645 9729 9731
9635 9685 9728 9729
9768 9770 9826 9827
9769 9794 9825 9827
9770 9795 9824 9827
9876 9897 9944 9945
9877 9878 9943 9944
9878 9879 9942 9944
9983 10008 10096 10097
9984 10015 10095 10096
9985 10017 10094 10097
10182 10193 10226 10227
10183 10197 10225 10226
10184 10196 10224 10227
10299 10350 10355 10356
10300 10317 10354 10356
10301 10351 10353 10354
10452 10461 10474 10475
10453 10464 10473 10475
10454 10457 10472 10474
10565 10605 10632 10633
10566 10609 10631 10633
10567 10599 10630 10631
10701 10734 10777 10778
10702 10759 10776 10778
10703 10704 10775 10778
10825 10836 10905 10906
10826 10828 10904 10905
10827 10828 10903 10904
10980 11010 11030 11031
10981 10982 11029 11031
10982 11014 11028 11029
11122 11128 11143 11144
11123 11173 11142 11144
11124 11153 11141 11143
11261 11298 11348 11349
11262 11306 11347 11349
11263 11333 11346 11347
11424 11506 11407 11408
11425 11458 11406 11407
11426 11492 11405 11406
11594 11623 11602 11603
11595 11620 11601 11603
11596 11630 11600 11602
11706 11711 11720 11721
11707 11790 11719 11721
11708 11764 11718 11719
11861 11891 11869 11870
11862 11867 11868 11869
11863 11875 11867 11870
11965 12000 12106 12107
11966 11989 12105 12106
11967 12005 12104 12106
12190 12265 12235 12236
12191 12222 12234 12235
12192 12207 12233 12234
12381 12383 12430 12431
12382 12426 12429 12430
12383 12386 12428 12429
12554 12556 12561 12562
12555 12557 12560 12562
12556 12566 12559 12560
12598 12599 12659 12660
12599 12629 12658 12659
12600 12625 12657 12658
12716 12759 12767 12768
12717 12791 12766 12768
12718 12753 12765 12766
12824 12831 12872 12873
12825 12828 12871 12872
12826 12829 12870 12871
12904 12910 13001 13002
12905 12913 13000 13002
12906 12915 12999 13001
13074 13121 13103 13104
13075 13129 13102 13104
13076 13083 13101 13103
13217 13231 13306 13307
13218 13256 13305 13306
13219 13241 13304 13307
13373 13382 13446 13447
13374 13381 13445 13446
13375 13398 13444 13445
13522 13537 13512 13513
13523 13542 13511 13512
13524 13546 13510 13511
13584 13617 13691 13692
13585 13597 13690 13692
13586 13660 13689 13691
13769 13780 13836 13837
13770 13780 13835 13836
13771 13772 13834 13836
13913 13937 13993 13994
13914 13965 13992 13994
13915 13921 13991 13993
14089 14099 14105 14106
14090 14102 14104 14106
14091 14097 14103 14104
14183 14205 14244 14245
14184 14228 14243 14245
14185 14203 14242 14245
14310 14311 14375 14376
14311 14338 14374 14375
14312 14376 14373 14374
14436 14454 14507 14508
14437 14462 14506 14508
14438 14482 14505 14507
14589 14610 14648 14649
14590 14639 14647 14649
14591 14612 14646 14649
14710 14767 14837 14838
14711 14718 14836 14837
14712 14720 14835 14836
14923 14956 14927 14928
14924 14982 14926 14928
14925 14992 14925 14927
15064 15101 15152 15153
15065 15076 15151 15152
15066 15116 15150 15151
15248 15253 15280 15281
15249 15250 15279 15280
15250 15262 15278 15281
15333 15336 15326 15327
15334 15354 15325 15326
15335 15340 15324 15326
15412 15424 15508 15509
15413 15425 15507 15509
15414 15426 15506 15507
15603 15679 15601 15602
15604 15688 15600 15602
15605 15606 15599 15602
15787 15803 15841 15842
15788 15808 15840 15842
15789 15793 15839 15841
15940 15972 16023 16024
15941 15981 16022 16024
15942 15978 16021 16023
16098 16152 16179 16180
16099 16156 16178 16179
16100 16151 16177 16178
16224 16278 16302 16303
16225 16276 16301 16302
16226 16240 16300 16303
16407 16422 16395 16396
16408 16447 16394 16395
16409 16497 16393 16395
16602 16611 16654 16655
16603 16628 16653 16654
16604 16630 16652 16654
16676 16687 16784 16785
16677 16706 16783 16784
16678 16696 16782 16784
16873 16894 16934 16935
16874 16898 16933 16934
16875 16876 16932 16935
17001 17008 17047 17048
17002 17011 17046 17047
17003 17025 17045 17047
17088 17109 17197 17198
17089 17111 17196 17198
17090 17131 17195 17196
17276 17306 17314 17315
17277 17291 17313 17314
17278 17355 17312 17313
17453 17468 17448 17449
17454 17471 17447 17448
17455 17517 17446 17447
17589 17620 17589 17590
17590 17596 17588 17589
17591 17634 17587 17588
17696 17702 17733 17734
17697 17725 17732 17733
17698 17716 17731 17734
17777 17794 17808 17809
17778 17824 17807 17808
17779 17798 17806 17809
17933 17943 17944 17945
17934 17942 17943 17944
17935 17940 17942 17943
18024 18047 18116 18117
18025 18054 18115 18116
18026 18038 18114 18115
18150 18157 18271 18272
18151 18156 18270 18271
18152 18155 18269 18270
18315 18339 18391 18392
18316 18359 18390 18391
18317 18379 18389 18390
18481 18516 18466 18467
18482 18484 18465 18466
18483 18503 18464 18467
18602 18603 18627 18628
18603 18673 18626 18628
18604 18679 18625 18626
18765 18814 18761 18762
18766 18813 18760 18761
18767 18811 18759 18760
18842 18906 18932 18933
18843 18847 18931 18932
18844 18867 18930 18931
18976 19052 19002 19003
18977 18984 19001 19002
18978 19008 19000 19003
19100 19109 19160 19161
19101 19124 19159 19160
19102 19158 19158 19161
19229 19245 19296 19297
19230 19248 19295 19297
19231 19242 19294 19295
19378 19400 19421 19422
19379 19418 19420 19421
19380 19392 19419 19420
19525 19596 19584 19585
19526 19559 19583 19585
19527 19549 19582 19583
19683 19718 19778 19779
19684 19685 19777 19779
19685 19698 19776 19779
19835 19852 19821 19822
19836 19871 19820 19821
19837 19880 19819 19821
19979 20032 19988 19989
19980 20021 19987 19989
19981 20073 19986 19989
20123 20124 20230 20231
20124 20210 20229 20230
20125 20151 20228 20231
20308 20338 20342 20343
20309 20342 20341 20342
20310 20319 20340 20341
20382 20421 20420 20421
20383 20432 20419 20420
20384 20401 20418 20421
20496 20547 20521 20522
20497 20543 20520 20521
20498 20507 20519 20521
20602 20610 20731 20732
20603 20620 20730 20731
20604 20612 20729 20732
20796 20800 20917 20918
20797 20814 20916 20917
20798 20874 20915 20917
20960 21035 21049 21050
20961 21041 21048 21049
20962 20983 21047 21048
21157 21227 21110 21111
21158 21201 21109 21110
21159 21166 21108 21109
21299 21300 21303 21304
21300 21303 21302 21303
21301 21307 21301 21302
21413 21447 21497 21498
21414 21442 21496 21497
21415 21428 21495 21496
21533 21536 21579 21580
21534 21542 21578 21579
21535 21552 21577 21580
21678 21686 21787 21788
21679 21735 21786 21787
21680 21756 21785 21787
21878 21917 21881 21882
21879 21929 21880 21882
21880 21891 21879 21880
21980 22007 22001 22002
21981 22014 22000 22002
21982 22003 21999 22000
22110 22130 22171 22172
22111 22117 22170 22171
22112 22117 22169 22171
22196 22220 22263 22264
22197 22232 22262 22263
22198 22225 22261 22262
22307 22321 22341 22342
22308 22324 22340 22341
22309 22321 22339 22340
22375 22377 22462 22463
22376 22426 22461 22462
22377 22394 22460 22463
22489 22505 22609 22610
22490 22522 22608 22609
22491 22517 22607 22608
22701 22738 22679 22680
22702 22717 22678 22680
22703 22745 22677 22678
22844 22845 22915 22916
22845 22871 22914 22915
22846 22872 22913 22914
22942 22973 22998 22999
22943 22970 22997 22999
22944 22961 22996 22998
23071 23091 23125 23126
23072 23097 23124 23126
23073 23116 23123 23124
23181 23242 23303 23304
23182 23218 23302 23303
23183 23184 23301 23303
23385 23423 23430 23431
23386 23453 23429 23430
23387 23388 23428 23431
23528 23593 23650 23651
23529 23569 23649 23650
23530 23557 23648 23649
23716 23779 23750 23751
23717 23740 23749 23750
23718 23748 23748 23750
23849 23850 23914 23915
23850 23904 23913 23915
23851 23867 23912 23915
24046 24059 24107 24108
24047 24054 24106 24107
24048 24062 24105 24107
24182 24193 24195 24196
24183 24185 24194 24195
24184 24218 24193 24194
24351 24388 24386 24387
24352 24359 24385 24387
24353 24377 24384 24386
24549 24611 24557 24558
24550 24574 24556 24557
24551 24605 24555 24557
24695 24755 24763 24764
24696 24745 24762 24764
24697 24754 24761 24762
24841 24860 24866 24867
24842 24870 24865 24866
24843 24896 24864 24865
24982 24999 24965 24966
24983 24998 24964 24965
24984 25000 24963 24965
25107 25121 25101 25102
25108 25116 25100 25102
25109 25118 25099 25100
25149 25165 25227 25228
25150 25173 25226 25227
25151 25169 25225 25228
25294 25315 25361 25362
25295 25313 25360 25362
25296 25302 25359 25362
25427 25510 25499 25500
25428 25454 25498 25499
25429 25488 25497 25499
25590 25624 25595 25596
25591 25607 25594 25595
25592 25659 25593 25596
25772 25793 25732 25733
25773 25785 25731 25732
25774 25777 25730 25733
25909 25997 25953 25954
25910 25944 25952 25954
25911 25987 25951 25952
26051 26083 26121 26122
26052 26115 26120 26122
26053 26063 26119 26121
26147 26192 26268 26269
26148 26153 26267 26268
26149 26202 26266 26267
26319 26326 26387 26388
26320 26337 26386 26387
26321 26333 26385 26388
26435 26460 26577 26578
26436 26463 26576 26578
26437 26438 26575 26577
26606 26634 26718 26719
26607 26617 26717 26718
26608 26657 26716 26719
26807 26838 26854 26855
26808 26821 26853 26855
26809 26859 26852 26853
26901 26903 26981 26982
26902 26933 26980 26982
26903 26904 26979 26982
27063 27120 27072 27073
27064 27094 27071 27073
27065 27103 27070 27072
27175 27259 27255 27256
27176 27215 27254 27255
27177 27189 27253 27254
27320 27343 27422 27423
27321 27348 27421 27423
27322 27354 27420 27421
27463 27465 27594 27595
27464 27476 27593 27594
27465 27475 27592 27593
27698 27703 27787 27788
27699 27711 27786 27788
27700 27707 27785 27788
27872 27907 27875 27876
27873 27915 27874 27876
27874 27892 27873 27874
28013 28057 28072 28073
28014 28050 28071 28073
28015 28060 28070 28072
28129 28163 28227 28228
28130 28147 28226 28228
28131 28153 28225 28226
28278 28351 28292 28293
28279 28304 28291 28292
28280 28287 28290 28293
28452 28453 28465 28466
28453 28457 28464 28465
28454 28472 28463 28464
28502 28505 28549 28550
28503 28506 28548 28549
28504 28509 28547 28548
28622 28659 28685 28686
28623 28625 28684 28685
28624 28629 28683 28684
28778 28856 28880 28881
28779 28859 28879 28880
28780 28848 28878 28879
28984 29000 29068 29069
28985 29002 29067 29068
28986 28998 29066 29068
29164 29198 29147 29148
29165 29186 29146 29147
29166 29231 29145 29148
29306 29308 29374 29375
29307 29323 29373 29375
29308 29311 29372 29375
29430 29441 29531 29532
29431 29453 29530 29531
29432 29442 29529 29530
29629 29637 29621 29622
29630 29639 29620 29622
29631 29636 29619 29622
29723 29738 29775 29776
29724 29728 29774 29775
29725 29774 29773 29774
29902 29951 29847 29848
29903 29934 29846 29848
29904 29963 29845 29846
30044 30047 30091 30092
30045 30053 30090 30091
30046 30054 30089 30090
30131 30138 30253 30254
30132 30133 30252 30253
30133 30150 30251 30252
30311 30347 30298 30299
30312 30352 30297 30298
30313 30372 30296 30297
30496 30502 30513 30514
30497 30502 30512 30513
30498 30512 30511 30514
30572 30618 30694 30695
30573 30576 30693 30694
30574 30590 30692 30693
30726 30737 30804 30805
30727 30734 30803 30804
30728 30739 30802 30805
30874 30898 30922 30923
30875 30889 30921 30923
30876 30884 30920 30923
31029 31106 31010 31011
31030 31033 31009 31011
31031 31083 31008 31009
31192 31212 31279 31280
31193 31226 31278 31280
31194 31203 31277 31280
31386 31390 31397 31398
31387 31408 31396 31398
31388 31414 31395 31397
31455 31476 31540 31541
31456 31484 31539 31541
31457 31492 31538 31541
31565 31604 31675 31676
31566 31588 31674 31675
31567 31625 31673 31674
31772 31798 31764 31765
31773 31860 31763 31764
31774 31846 31762 31763
31939 31996 31970 31971
31940 31963 31969 31970
31941 31964 31968 31970
32025 32065 32148 32149
32026 32030 32147 32149
32027 32053 32146 32148
32238 32252 32260 32261
32239 32268 32259 32261
32240 32278 32258 32260
32330 32362 32474 32475
32331 32405 32473 32474
32332 32379 32472 32473
32500 32529 32598 32599
32501 32560 32597 32599
32502 32535 32596 32599
32633 32676 32716 32717
32634 32691 32715 32717
32635 32688 32714 32715
32805 32807 32893 32894
32806 32835 32892 32893
32807 32814 32891 32894
32944 32969 32994 32995
32945 32969 32993 32995
32946 32980 32992 32993
33071 33084 33068 33069
33072 33080 33067 33068
33073 33093 33066 33068
33223 33238 33172 33173
33224 33234 33171 33173
33225 33262 33170 33171
33410 33422 33447 33448
33411 33438 33446 33447
33412 33433 33445 33446
33531 33593 33502 33503
33532 33551 33501 33502
33533 33541 33500 33501
33664 33727 33681 33682
33665 33750 33680 33682
33666 33676 33679 33680
33847 33878 33866 33867
33848 33865 33865 33866
33918 33952 34064 34065
33919 33961 34063 34064
34097 34170 34175 34176
34098 34187 34174 34175
34282 34296 34376 34377
34283 34290 34375 34376
34469 34516 34553 34554
34470 34505 34552 34553
34582 34599 34626 34627
34583 34593 34625 34626
34694 34726 34705 34706
34695 34731 34704 34706
34844 34856 34912 34913
34845 34885 34911 34913
35002 35006 34948 34949
35003 35010 34947 34949
35139 35144 35190 35191
35140 35179 35189 35190
35248 35261 35335 35336
35249 35268 35334 35335
35405 35426 35477 35478
35406 35453 35476 35477
35582 35638 35522 35523
35583 35631 35521 35522
35721 35737 35757 35758
35722 35726 35756 35757
35831 35861 35860 35861
35832 35847 35859 35861
35945 35956 35948 35949
35946 35953 35947 35949
36014 36026 36083 36084
36015 36035 36082 36083
36136 36152 36155 36156
36137 36169 36154 36155
36254 36262 36328 36329
36255 36267 36327 36328
36416 36424 36456 36457
36417 36438 36455 36456
36520 36548 36498 36499
36521 36523 36497 36498
36621 36630 36678 36679
36622 36637 36677 36678
36710 36729 36764 36765
36711 36712 36763 36765
36865 36900 36892 36893
36866 36875 36891 36892
36953 36963 37030 37031
36954 36962 37029 37030
37128 37129 37138 37139
37129 37153 37137 37139
37239 37241 37309 37310
37240 37254 37308 37309
37337 37344 37397 37398
37338 37345 37396 37397
37488 37509 37568 37569
37489 37509 37567 37568
37631 37665 37721 37722
37632 37687 37720 37721
37782 37833 37794 37795
37783 37821 37793 37795
37879 37888 37968 37969
37880 37885 37967 37969
38001 38003 38076 38077
38002 38048 38075 38076
38157 38158 38183 38184
38158 38174 38182 38183
38240 38251 38274 38275
38241 38244 38273 38274
38339 38343 38442 38443
38340 38368 38441 38442
38547 38564 38546 38547
38548 38549 38545 38546
38641 38688 38800 38801
38642 38655 38799 38801
38901 38904 38908 38909
38902 38905 38907 38908
38945 38989 39013 39014
38946 38968 39012 39013
39060 39085 39137 39138
39061 39112 39136 39138
39213 39221 39218 39219
39214 39220 39217 39218
39297 39318 39355 39356
39298 39302 39354 39355
39461 39481 39485 39486
39462 39493 39484 39485
39572 39587 39636 39637
39573 39590 39635 39637
39718 39729 39724 39725
39719 39738 39723 39725
39868 39869 39955 39956
39869 39892 39954 39956
40040 40068 40050 40051
40041 40062 40049 40051
40151 40195 40229 40230
40152 40211 40228 40230
40258 40288 40312 40313
40259 40263 40311 40312
40401 40405 40413 40414
40402 40411 40412 40413
40537 40581 40506 40507
40538 40596 40505 40507
40730 40735 40694 40695
40731 40754 40693 40695
40838 40843 40959 40960
40839 40849 40958 40959
41023 41065 41043 41044
41024 41044 41042 41043
41136 41151 41250 41251
41137 41146 41249 41250
41291 41292 41394 41395
41292 41296 41393 41395
41481 41485 41509 41510
41482 41522 41508 41509
41652 41717 41639 41640
41653 41689 41638 41639
41768 41777 41845 41846
41769 41773 41844 41845
41903 41927 41956 41957
41904 41912 41955 41956
41984 42012 42023 42024
41985 42047 42022 42023
42141 42148 42214 42215
42142 42150 42213 42214
42266 42278 42350 42351
42267 42312 42349 42350
42373 42376 42468 42469
42374 42382 42467 42468
42564 42600 42627 42628
42565 42569 42626 42627
42699 42708 42733 42734
42700 42737 42732 42733
42850 42871 42885 42886
42851 42860 42884 42885
42967 42984 43037 43038
42968 42983 43036 43037
43131 43183 43124 43125
43132 43139 43123 43124
43216 43245 43318 43319
43217 43225 43317 43318
43422 43496 43462 43463
43423 43435 43461 43462
43573 43611 43598 43599
43574 43600 43597 43598
43710 43738 43715 43716
43711 43786 43714 43715
43905 43909 43932 43933
43906 43911 43931 43933
44006 44007 44043 44044
44007 44015 44042 44043
44075 44078 44114 44115
44076 44116 44113 44115
44229 44230 44253 44254
44230 44281 44252 44253
44405 44436 44498 44499
44406 44416 44497 44498
44536 44569 44660 44661
44537 44547 44659 44660
44702 44739 44754 44755
44703 44707 44753 44754
44827 44828 44906 44907
44828 44831 44905 44907
45002 45006 45003 45004
45003 45013 45002 45003
45113 45129 45140 45141
45114 45125 45139 45140
45221 45261 45237 45238
45222 45301 45236 45238
45396 45428 45419 45420
45397 45442 45418 45420
45571 45575 45585 45586
45572 45622 45584 45585
45717 45732 45831 45832
45718 45719 45830 45831
45885 45895 45889 45890
45886 45923 45888 45889
45983 45984 46092 46093
45984 45993 46091 46092
46174 46245 46232 46233
46175 46237 46231 46233
46309 46328 46343 46344
46310 46322 46342 46343
46431 46461 46494 46495
46432 46483 46493 46494
46591 46592 46622 46623
46592 46631 46621 46623
46772 46801 46779 46780
46773 46857 46778 46780
46899 46911 46953 46954
46900 46930 46952 46953
47044 47048 47045 47046
47045 47052 47044 47045
47113 47120 47189 47190
47114 47136 47188 47189
47279 47312 47337 47338
47280 47318 47336 47337
47415 47475 47468 47469
47416 47482 47467 47469
47520 47531 47606 47607
47521 47525 47605 47607
47685 47701 47762 47763
47686 47726 47761 47762
47873 47884 47898 47899
47874 47898 47897 47898
47979 48017 48068 48069
47980 47986 48067 48068
48117 48157 48236 48237
48118 48136 48235 48237
48316 48329 48394 48395
48317 48327 48393 48395
48418 48442 48512 48513
48419 48445 48511 48513
48582 48656 48648 48649
48583 48666 48647 48649
48760 48779 48751 48752
48761 48830 48750 48751
48861 48922 48997 48998
48862 48895 48996 48997
49103 49138 49077 49078
49104 49146 49076 49077
49177 49192 49282 49283
49178 49188 49281 49283
49380 49462 49404 49405
49381 49425 49403 49405
49551 49559 49575 49576
49552 49571 49574 49576
49655 49663 49733 49734
49656 49657 49732 49734
49789 49843 49830 49831
49790 49819 49829 49830
49877 49881 49988 49989
49878 49897 49987 49988
50041 50067 50079 50080
50042 50061 50078 50079
50155 50181 50212 50213
50156 50162 50211 50213
50351 50402 50337 50338
50352 50353 50336 50338
50462 50526 50579 50580
50463 50540 50578 50579
50633 50680 50689 50690
50634 50657 50688 50689
50757 50833 50792 50793
50758 50809 50791 50792
50925 50935 50883 50884
50926 50963 50882 50883
51045 51067 51064 51065
51046 51048 51063 51064
51162 51200 51152 51153
51163 51220 51151 51152
51303 51312 51314 51315
51304 51327 51313 51315
51403 51414 51404 51405
51404 51445 51403 51404
51557 51565 51612 51613
51558 51569 51611 51612
51677 51687 51690 51691
51678 51705 51689 51690
51793 51804 51820 51821
51794 51826 51819 51820
51902 51927 51925 51926
51903 51939 51924 51925
52045 52064 52059 52060
52046 52054 52058 52059
52137 52143 52192 52193
52138 52170 52191 52193
52275 52278 52278 52279
52276 52311 52277 52278
52372 52410 52374 52375
52373 52395 52373 52374
52529 52534 52553 52554
52530 52548 52552 52553
52626 52641 52706 52707
52627 52631 52705 52706
52738 52776 52816 52817
52739 52770 52815 52817
52850 52853 52996 52997
52851 52857 52995 52997
53030 53075 53096 53097
53031 53088 53095 53096
53192 53195 53177 53178
53193 53202 53176 53177
53310 53381 53337 53338
53311 53371 53336 53338
