100
148 388 1544 1545
149 418 1543 1544
150 447 1542 1543
1955 2355 2480 2481
1956 2086 2479 2480
1957 2655 2478 2479
3448 3735 4219 4220
3449 3618 4218 4219
3450 3527 4217 4218
4883 4915 4745 4746
4884 4919 4744 4746
4885 4895 4743 4744
5540 6332 5703 5704
5541 6138 5702 5703
5542 5690 5701 5703
7190 7512 6815 6816
7191 7334 6814 6816
7192 7467 6813 6816
8658 8733 8967 8968
8659 8688 8966 8967
8660 8666 8965 8967
9298 9693 9954 9955
9299 9662 9953 9954
9300 9646 9952 9953
10596 11015 10978 10979
10597 11003 10977 10978
10598 10678 10976 10979
11817 11940 11946 11947
11818 11934 11945 11946
11819 11944 11944 11947
12936 12955 13233 13234
12937 12942 13232 13233
12938 12974 13231 13232
13828 13853 14037 14038
13829 14410 14036 14038
13830 14248 14035 14036
15192 15447 15633 15634
15193 15274 15632 15633
15194 15225 15631 15634
15856 15948 16602 16603
15857 15907 16601 16602
15858 15910 16600 16601
16669 16695 17477 17478
16670 17091 17476 17477
16671 16865 17475 17478
18354 18356 18082 18083
18355 18364 18081 18083
18356 18363 18080 18081
18569 18572 18744 18745
18570 18706 18743 18744
18571 18743 18742 18743
18978 19029 18905 18906
18979 19030 18904 18905
18980 19026 18903 18906
19189 19199 19941 19942
19190 19214 19940 19941
19191 19206 19939 19942
20015 20234 20579 20580
20016 20695 20578 20579
20017 20689 20577 20579
21157 21418 21525 21526
21158 21510 21524 21525
21159 21164 21523 21524
21952 21964 22633 22634
21953 22295 22632 22633
21954 22160 22631 22634
23355 23587 23588 23589
23356 23583 23587 23588
23357 23473 23586 23589
24124 24480 25152 25153
24125 24240 25151 25152
24126 24137 25150 25152
25556 25733 26861 26862
25557 25825 26860 26861
25558 25704 26859 26861
26943 26969 28180 28181
26944 26997 28179 28181
26945 26957 28178 28179
28858 29409 28397 28398
28859 29374 28396 28398
28860 28901 28395 28396
30206 30406 30485 30486
30207 30363 30484 30485
30208 30665 30483 30486
31644 32028 30946 30947
31645 31881 30945 30947
32353 32374 33232 33233
32354 32380 33231 33232
33650 33892 34936 34937
33651 33763 34935 34937
35239 35345 36173 36174
35240 35274 36172 36173
36568 36768 36491 36492
36569 37094 36490 36491
37714 37976 38258 38259
37715 38028 38257 38258
38580 38834 39397 39398
38581 38595 39396 39398
39966 40433 39876 39877
39967 40112 39875 39877
