100
1437 1507 779 2021
1507 2389 779 2021
2389 3439 2021 3865
2389 3439 695 779
3439 3489 779 2021
3489 4013 779 2021
4013 4957 2021 2195
4013 4957 205 779
4957 5379 779 2021
5379 5431 779 2021
5431 6054 2021 3953
5431 6054 35 779
6054 7610 779 2021
7610 9597 779 2021
9597 9872 2021 2534
9597 9872 298 779
9872 10401 779 2021
10401 11800 779 2021
11800 13403 2021 2298
11800 13403 390 779
13403 13639 779 2021
13639 14419 779 2021
14419 14592 2021 3694
14419 14592 294 779
14592 15545 779 2021
15545 16811 779 2021
16811 17245 2021 2023
16811 17245 416 779
17245 18426 779 2021
18426 18829 779 2021
18829 20813 2021 2145
18829 20813 505 779
20813 22630 779 2021
22630 23528 779 2021
23528 24507 2021 2461
23528 24507 190 779
24507 26349 779 2021
26349 26696 779 2021
26696 28216 2021 2138
26696 28216 253 779
28216 30038 779 2021
30038 31035 779 2021
31035 31645 2021 3797
31035 31645 266 779
31645 33557 779 2021
33557 33568 779 2021
33568 33972 2021 2106
33568 33972 618 779
33972 35928 779 2021
35928 37317 779 2021
37317 38617 2021 2410
37317 38617 217 779
38617 39377 779 2021
39377 41299 779 2021
41299 41443 2021 3116
41299 41443 90 779
41443 42866 779 2021
42866 43778 779 2021
43778 44532 2021 3315
43778 44532 779 2021
44532 46235 2021 3315
44532 46235 779 2021
46235 47062 2021 3315
46235 47062 779 2021
47062 47657 2021 3315
47062 47657 779 2021
47657 47706 2021 3315
47657 47706 779 2021
47706 48052 2021 3315
47706 48052 779 2021
48052 49115 2021 3315
48052 49115 779 2021
49115 50375 2021 3315
49115 50375 779 2021
50375 50894 2021 3315
50375 50894 779 2021
50894 50953 2021 3315
50894 50953 779 2021
50953 52823 2021 3315
50953 52823 779 2021
52823 53118 2021 3315
52823 53118 779 2021
53118 53154 2021 3315
53118 53154 779 2021
53154 53287 2021 3315
53154 53287 779 2021
53287 53944 2021 3315
53287 53944 779 2021
53944 54383 2021 3315
53944 54383 779 2021
54383 54600 2021 3315
54383 54600 779 2021
54600 55644 2021 3315
54600 55644 779 2021
55644 56391 2021 3315
55644 56391 779 2021
56391 58348 2021 3315
56391 58348 779 2021
58348 59043 2021 3315
58348 59043 779 2021
