1000
1449 1888 1461 2332
1888 2215 1461 2332
2215 4212 2332 3005
2215 4212 1409 1461
4212 4532 1461 2332
4532 4766 1461 2332
4766 6438 2332 3238
4766 6438 1387 1461
6438 6724 1461 2332
6724 7209 1461 2332
7209 7882 2332 2666
7209 7882 167 1461
7882 9449 1461 2332
9449 11300 1461 2332
11300 11761 2332 3473
11300 11761 242 1461
11761 12052 1461 2332
12052 13025 1461 2332
13025 13980 2332 2606
13025 13980 588 1461
13980 14122 1461 2332
14122 15266 1461 2332
15266 17221 2332 3923
15266 17221 333 1461
17221 18637 1461 2332
18637 19450 1461 2332
19450 20063 2332 3744
19450 20063 85 1461
20063 21865 1461 2332
21865 21948 1461 2332
21948 22019 2332 3805
21948 22019 1307 1461
22019 22150 1461 2332
22150 23909 1461 2332
23909 25734 2332 3135
23909 25734 943 1461
25734 27066 1461 2332
27066 27787 1461 2332
27787 28081 2332 2476
27787 28081 1380 1461
28081 29009 1461 2332
29009 29795 1461 2332
29795 30980 2332 4214
29795 30980 739 1461
30980 31726 1461 2332
31726 32102 1461 2332
32102 32305 2332 3032
32102 32305 137 1461
32305 32793 1461 2332
32793 32908 1461 2332
32908 34039 2332 3432
32908 34039 1197 1461
34039 34655 1461 2332
34655 35557 1461 2332
35557 37518 2332 3370
35557 37518 505 1461
37518 38818 1461 2332
38818 39986 1461 2332
39986 40822 2332 3456
39986 40822 189 1461
40822 42454 1461 2332
42454 43262 1461 2332
43262 44305 2332 2609
43262 44305 1310 1461
44305 45560 1461 2332
45560 46765 1461 2332
46765 48502 2332 2772
46765 48502 1365 1461
48502 49298 1461 2332
49298 50835 1461 2332
50835 52296 2332 3682
50835 52296 495 1461
52296 52427 1461 2332
52427 54264 1461 2332
54264 54966 2332 3593
54264 54966 188 1461
54966 55545 1461 2332
55545 55773 1461 2332
55773 56315 2332 3223
55773 56315 324 1461
56315 57582 1461 2332
57582 57773 1461 2332
57773 58206 2332 2435
57773 58206 1113 1461
58206 58960 1461 2332
58960 59046 1461 2332
59046 59167 2332 4128
59046 59167 521 1461
59167 60239 1461 2332
60239 61290 1461 2332
61290 62856 2332 3140
61290 62856 821 1461
62856 63860 1461 2332
63860 65815 1461 2332
65815 67193 2332 3148
65815 67193 423 1461
67193 68806 1461 2332
68806 69752 1461 2332
69752 71244 2332 2646
69752 71244 1005 1461
71244 72376 1461 2332
72376 73620 1461 2332
73620 74053 2332 4005
73620 74053 754 1461
74053 75751 1461 2332
75751 77043 1461 2332
77043 77720 2332 2814
77043 77720 1013 1461
77720 79710 1461 2332
79710 80945 1461 2332
80945 82424 2332 2795
80945 82424 190 1461
82424 82616 1461 2332
82616 84150 1461 2332
84150 84231 2332 4090
84150 84231 832 1461
84231 84505 1461 2332
84505 85266 1461 2332
85266 86265 2332 3983
85266 86265 515 1461
86265 86567 1461 2332
86567 88182 1461 2332
88182 88704 2332 2477
88182 88704 559 1461
88704 89431 1461 2332
89431 90708 1461 2332
90708 92231 2332 3844
90708 92231 220 1461
92231 92240 1461 2332
92240 93801 1461 2332
93801 94393 2332 3017
93801 94393 21 1461
94393 94730 1461 2332
94730 95757 1461 2332
95757 97033 2332 2499
95757 97033 608 1461
97033 97339 1461 2332
97339 97698 1461 2332
97698 99072 2332 3070
97698 99072 755 1461
99072 99490 1461 2332
99490 100853 1461 2332
100853 102081 2332 3748
100853 102081 52 1461
102081 103236 1461 2332
103236 103305 1461 2332
103305 103932 2332 4008
103305 103932 64 1461
103932 104838 1461 2332
104838 105593 1461 2332
105593 105786 2332 3113
105593 105786 1065 1461
105786 107280 1461 2332
107280 108421 1461 2332
108421 110247 2332 2769
108421 110247 545 1461
110247 112114 1461 2332
112114 112888 1461 2332
112888 114092 2332 3826
112888 114092 639 1461
114092 115136 1461 2332
115136 115288 1461 2332
115288 116938 2332 3101
115288 116938 500 1461
116938 118703 1461 2332
118703 119889 1461 2332
119889 120493 2332 3676
119889 120493 1332 1461
120493 122109 1461 2332
122109 122608 1461 2332
122608 123981 2332 2927
122608 123981 285 1461
123981 124270 1461 2332
124270 125770 1461 2332
125770 127050 2332 2814
125770 127050 911 1461
127050 128947 1461 2332
128947 129274 1461 2332
129274 131047 2332 2406
129274 131047 262 1461
131047 132997 1461 2332
132997 134937 1461 2332
134937 136473 2332 3485
134937 136473 1445 1461
136473 137301 1461 2332
137301 137849 1461 2332
137849 139786 2332 2809
137849 139786 835 1461
139786 140963 1461 2332
140963 141557 1461 2332
141557 142410 2332 4112
141557 142410 296 1461
142410 142567 1461 2332
142567 144315 1461 2332
144315 145102 2332 3861
144315 145102 861 1461
145102 146415 1461 2332
146415 148232 1461 2332
148232 148425 2332 2924
148232 148425 9 1461
148425 149250 1461 2332
149250 150091 1461 2332
150091 151067 2332 3281
150091 151067 1453 1461
151067 151158 1461 2332
151158 152056 1461 2332
152056 153262 2332 4310
152056 153262 1261 1461
153262 154253 1461 2332
154253 155410 1461 2332
155410 156359 2332 3259
155410 156359 273 1461
156359 156975 1461 2332
156975 157078 1461 2332
157078 157657 2332 3800
157078 157657 14 1461
157657 158524 1461 2332
158524 160148 1461 2332
160148 162130 2332 3986
160148 162130 143 1461
162130 162453 1461 2332
162453 163419 1461 2332
163419 165091 2332 2847
163419 165091 1188 1461
165091 165765 1461 2332
165765 167456 1461 2332
167456 168557 2332 3981
167456 168557 1098 1461
168557 168572 1461 2332
168572 168663 1461 2332
168663 170551 2332 3552
168663 170551 668 1461
170551 170840 1461 2332
170840 171050 1461 2332
171050 172275 2332 3569
171050 172275 347 1461
172275 173485 1461 2332
173485 175337 1461 2332
175337 176927 2332 4120
175337 176927 650 1461
176927 178751 1461 2332
178751 179406 1461 2332
179406 181052 2332 2489
179406 181052 1259 1461
181052 182201 1461 2332
182201 182680 1461 2332
182680 184657 2332 3505
182680 184657 285 1461
184657 184894 1461 2332
184894 186740 1461 2332
186740 188128 2332 3670
186740 188128 1245 1461
188128 188155 1461 2332
188155 189507 1461 2332
189507 191444 2332 2598
189507 191444 1270 1461
191444 191801 1461 2332
191801 192356 1461 2332
192356 193488 2332 4265
192356 193488 622 1461
193488 194107 1461 2332
194107 195602 1461 2332
195602 197597 2332 2892
195602 197597 1321 1461
197597 197614 1461 2332
197614 198350 1461 2332
198350 198638 2332 3995
198350 198638 1051 1461
198638 199937 1461 2332
199937 201100 1461 2332
201100 202471 2332 3607
201100 202471 194 1461
202471 203539 1461 2332
203539 205051 1461 2332
205051 205583 2332 2787
205051 205583 480 1461
205583 205961 1461 2332
205961 206794 1461 2332
206794 207346 2332 2998
206794 207346 518 1461
207346 208820 1461 2332
208820 210194 1461 2332
210194 211847 2332 3289
210194 211847 945 1461
211847 213642 1461 2332
213642 215217 1461 2332
215217 216017 2332 2473
215217 216017 225 1461
216017 216451 1461 2332
216451 216961 1461 2332
216961 218182 2332 3405
216961 218182 1143 1461
218182 218295 1461 2332
218295 218667 1461 2332
218667 220353 2332 4167
218667 220353 297 1461
220353 220726 1461 2332
220726 221628 1461 2332
221628 223489 2332 3236
221628 223489 747 1461
223489 224550 1461 2332
224550 226183 1461 2332
226183 226724 2332 4296
226183 226724 609 1461
226724 228715 1461 2332
228715 230504 1461 2332
230504 230527 2332 4327
230504 230527 1344 1461
230527 232208 1461 2332
232208 232349 1461 2332
232349 233020 2332 3164
232349 233020 213 1461
233020 234177 1461 2332
234177 235442 1461 2332
235442 236585 2332 3061
235442 236585 709 1461
236585 238251 1461 2332
238251 239444 1461 2332
239444 240505 2332 4035
239444 240505 366 1461
240505 241563 1461 2332
241563 241638 1461 2332
241638 241918 2332 3251
241638 241918 990 1461
241918 242258 1461 2332
242258 242589 1461 2332
242589 243904 2332 3564
242589 243904 1054 1461
243904 245869 1461 2332
245869 247091 1461 2332
247091 247174 2332 2671
247091 247174 575 1461
247174 248354 1461 2332
248354 248373 1461 2332
248373 250081 2332 2534
248373 250081 1350 1461
250081 250422 1461 2332
250422 252132 1461 2332
252132 252599 2332 4167
252132 252599 78 1461
252599 253755 1461 2332
253755 255255 1461 2332
255255 256886 2332 2900
255255 256886 734 1461
256886 257896 1461 2332
257896 259874 1461 2332
259874 261503 2332 3973
259874 261503 807 1461
261503 262814 1461 2332
262814 264794 1461 2332
264794 266372 2332 3310
264794 266372 210 1461
266372 266596 1461 2332
266596 267538 1461 2332
267538 268322 2332 2991
267538 268322 251 1461
268322 268673 1461 2332
268673 270511 1461 2332
270511 270514 2332 2391
270511 270514 1078 1461
270514 271719 1461 2332
271719 272118 1461 2332
272118 273867 2332 2355
272118 273867 33 1461
273867 274406 1461 2332
274406 275585 1461 2332
275585 275670 2332 2501
275585 275670 1197 1461
275670 277309 1461 2332
277309 278839 1461 2332
278839 279266 2332 3952
278839 279266 1430 1461
279266 280940 1461 2332
280940 282222 1461 2332
282222 283372 2332 3936
282222 283372 1058 1461
283372 284085 1461 2332
284085 285912 1461 2332
285912 287464 2332 3828
285912 287464 1164 1461
287464 288648 1461 2332
288648 290495 1461 2332
290495 290817 2332 3518
290495 290817 596 1461
290817 291530 1461 2332
291530 292272 1461 2332
292272 293279 2332 2793
292272 293279 623 1461
293279 294871 1461 2332
294871 295870 1461 2332
295870 296164 2332 4009
295870 296164 618 1461
296164 296556 1461 2332
296556 298223 1461 2332
298223 299272 2332 3150
298223 299272 1317 1461
299272 299491 1461 2332
299491 300335 1461 2332
300335 301255 2332 4052
300335 301255 826 1461
301255 302433 1461 2332
302433 302865 1461 2332
302865 303138 2332 3062
302865 303138 499 1461
303138 303896 1461 2332
303896 304161 1461 2332
304161 304639 2332 3763
304161 304639 281 1461
304639 305373 1461 2332
305373 305868 1461 2332
305868 306411 2332 4072
305868 306411 506 1461
306411 307717 1461 2332
307717 309401 1461 2332
309401 310058 2332 3932
309401 310058 1171 1461
310058 310234 1461 2332
310234 310577 1461 2332
310577 311955 2332 3908
310577 311955 1151 1461
311955 312971 1461 2332
312971 313117 1461 2332
313117 313472 2332 2619
313117 313472 44 1461
313472 314625 1461 2332
314625 316089 1461 2332
316089 316738 2332 3758
316089 316738 1364 1461
316738 318018 1461 2332
318018 318553 1461 2332
318553 319362 2332 4089
318553 319362 996 1461
319362 320324 1461 2332
320324 321166 1461 2332
321166 321978 2332 3836
321166 321978 1272 1461
321978 322096 1461 2332
322096 323258 1461 2332
323258 323874 2332 3107
323258 323874 1292 1461
323874 324201 1461 2332
324201 325503 1461 2332
325503 327310 2332 2389
325503 327310 1068 1461
327310 328628 1461 2332
328628 330052 1461 2332
330052 331426 2332 2357
330052 331426 949 1461
331426 333016 1461 2332
333016 334193 1461 2332
334193 335718 2332 2922
334193 335718 473 1461
335718 335788 1461 2332
335788 337657 1461 2332
337657 339497 2332 3562
337657 339497 436 1461
339497 339654 1461 2332
339654 339846 1461 2332
339846 340664 2332 3652
339846 340664 226 1461
340664 342415 1461 2332
342415 344204 1461 2332
344204 345764 2332 2698
344204 345764 1302 1461
345764 346436 1461 2332
346436 347481 1461 2332
347481 347697 2332 3162
347481 347697 1400 1461
347697 349141 1461 2332
349141 349289 1461 2332
349289 349813 2332 3149
349289 349813 1183 1461
349813 350046 1461 2332
350046 350805 1461 2332
350805 350857 2332 4089
350805 350857 847 1461
350857 352215 1461 2332
352215 352393 1461 2332
352393 353610 2332 3529
352393 353610 307 1461
353610 354803 1461 2332
354803 356508 1461 2332
356508 358459 2332 2695
356508 358459 463 1461
358459 358808 1461 2332
358808 358921 1461 2332
358921 359734 2332 4241
358921 359734 49 1461
359734 361461 1461 2332
361461 362393 1461 2332
362393 364267 2332 2627
362393 364267 1101 1461
364267 365241 1461 2332
365241 366979 1461 2332
366979 367240 2332 3829
366979 367240 526 1461
367240 368024 1461 2332
368024 369753 1461 2332
369753 369770 2332 3519
369753 369770 557 1461
369770 371134 1461 2332
371134 371678 1461 2332
371678 371693 2332 3264
371678 371693 1092 1461
371693 373467 1461 2332
373467 373944 1461 2332
373944 375741 2332 4056
373944 375741 778 1461
375741 376914 1461 2332
376914 377339 1461 2332
377339 378642 2332 2669
377339 378642 232 1461
378642 378774 1461 2332
378774 379189 1461 2332
379189 380805 2332 2338
379189 380805 468 1461
380805 382182 1461 2332
382182 383513 1461 2332
383513 384312 2332 3969
383513 384312 1427 1461
384312 384369 1461 2332
384369 385141 1461 2332
385141 386049 2332 2405
385141 386049 410 1461
386049 387146 1461 2332
387146 388934 1461 2332
388934 389788 2332 3444
388934 389788 1299 1461
389788 390734 1461 2332
390734 391619 1461 2332
391619 393167 2332 3427
391619 393167 1260 1461
393167 393553 1461 2332
393553 393820 1461 2332
393820 395205 2332 2372
393820 395205 1314 1461
395205 395274 1461 2332
395274 395445 1461 2332
395445 396814 2332 4016
395445 396814 687 1461
396814 397244 1461 2332
397244 398305 1461 2332
398305 398516 2332 3560
398305 398516 1388 1461
398516 399906 1461 2332
399906 401542 1461 2332
401542 401839 2332 2505
401542 401839 1461 2332
401839 403547 2332 2505
401839 403547 1461 2332
403547 404030 2332 2505
403547 404030 1461 2332
404030 405776 2332 2505
404030 405776 1461 2332
405776 407623 2332 2505
405776 407623 1461 2332
407623 409311 2332 2505
407623 409311 1461 2332
409311 410168 2332 2505
409311 410168 1461 2332
410168 410734 2332 2505
410168 410734 1461 2332
410734 411368 2332 2505
410734 411368 1461 2332
411368 411461 2332 2505
411368 411461 1461 2332
411461 411926 2332 2505
411461 411926 1461 2332
411926 412006 2332 2505
411926 412006 1461 2332
412006 413059 2332 2505
412006 413059 1461 2332
413059 414261 2332 2505
413059 414261 1461 2332
414261 414959 2332 2505
414261 414959 1461 2332
414959 415748 2332 2505
414959 415748 1461 2332
415748 416989 2332 2505
415748 416989 1461 2332
416989 418641 2332 2505
416989 418641 1461 2332
418641 419498 2332 2505
418641 419498 1461 2332
419498 421262 2332 2505
419498 421262 1461 2332
421262 422282 2332 2505
421262 422282 1461 2332
422282 422823 2332 2505
422282 422823 1461 2332
422823 423466 2332 2505
422823 423466 1461 2332
423466 424915 2332 2505
423466 424915 1461 2332
424915 426868 2332 2505
424915 426868 1461 2332
426868 427721 2332 2505
426868 427721 1461 2332
427721 428749 2332 2505
427721 428749 1461 2332
428749 430102 2332 2505
428749 430102 1461 2332
430102 430344 2332 2505
430102 430344 1461 2332
430344 431007 2332 2505
430344 431007 1461 2332
431007 432532 2332 2505
431007 432532 1461 2332
432532 433423 2332 2505
432532 433423 1461 2332
433423 434145 2332 2505
433423 434145 1461 2332
434145 434504 2332 2505
434145 434504 1461 2332
434504 435140 2332 2505
434504 435140 1461 2332
435140 435709 2332 2505
435140 435709 1461 2332
435709 435756 2332 2505
435709 435756 1461 2332
435756 437600 2332 2505
435756 437600 1461 2332
437600 439086 2332 2505
437600 439086 1461 2332
439086 439766 2332 2505
439086 439766 1461 2332
439766 441702 2332 2505
439766 441702 1461 2332
441702 443653 2332 2505
441702 443653 1461 2332
443653 444764 2332 2505
443653 444764 1461 2332
444764 446105 2332 2505
444764 446105 1461 2332
446105 447609 2332 2505
446105 447609 1461 2332
447609 449417 2332 2505
447609 449417 1461 2332
449417 449546 2332 2505
449417 449546 1461 2332
449546 450291 2332 2505
449546 450291 1461 2332
450291 451750 2332 2505
450291 451750 1461 2332
451750 453088 2332 2505
451750 453088 1461 2332
453088 453596 2332 2505
453088 453596 1461 2332
453596 454426 2332 2505
453596 454426 1461 2332
454426 454656 2332 2505
454426 454656 1461 2332
454656 455806 2332 2505
454656 455806 1461 2332
455806 456437 2332 2505
455806 456437 1461 2332
456437 456619 2332 2505
456437 456619 1461 2332
456619 456622 2332 2505
456619 456622 1461 2332
456622 456632 2332 2505
456622 456632 1461 2332
456632 458518 2332 2505
456632 458518 1461 2332
458518 459114 2332 2505
458518 459114 1461 2332
459114 460139 2332 2505
459114 460139 1461 2332
460139 461550 2332 2505
460139 461550 1461 2332
461550 463036 2332 2505
461550 463036 1461 2332
463036 464782 2332 2505
463036 464782 1461 2332
464782 466551 2332 2505
464782 466551 1461 2332
466551 467024 2332 2505
466551 467024 1461 2332
467024 467690 2332 2505
467024 467690 1461 2332
467690 469505 2332 2505
467690 469505 1461 2332
469505 469821 2332 2505
469505 469821 1461 2332
469821 470325 2332 2505
469821 470325 1461 2332
470325 471171 2332 2505
470325 471171 1461 2332
471171 471775 2332 2505
471171 471775 1461 2332
471775 472581 2332 2505
471775 472581 1461 2332
472581 472889 2332 2505
472581 472889 1461 2332
472889 474833 2332 2505
472889 474833 1461 2332
474833 475142 2332 2505
474833 475142 1461 2332
475142 475257 2332 2505
475142 475257 1461 2332
475257 475681 2332 2505
475257 475681 1461 2332
475681 476734 2332 2505
475681 476734 1461 2332
476734 478659 2332 2505
476734 478659 1461 2332
478659 480420 2332 2505
478659 480420 1461 2332
480420 482332 2332 2505
480420 482332 1461 2332
482332 483439 2332 2505
482332 483439 1461 2332
483439 483781 2332 2505
483439 483781 1461 2332
483781 485195 2332 2505
483781 485195 1461 2332
485195 485284 2332 2505
485195 485284 1461 2332
485284 485807 2332 2505
485284 485807 1461 2332
485807 487575 2332 2505
485807 487575 1461 2332
487575 487673 2332 2505
487575 487673 1461 2332
487673 488082 2332 2505
487673 488082 1461 2332
488082 488445 2332 2505
488082 488445 1461 2332
488445 489567 2332 2505
488445 489567 1461 2332
489567 489738 2332 2505
489567 489738 1461 2332
489738 489939 2332 2505
489738 489939 1461 2332
489939 491159 2332 2505
489939 491159 1461 2332
491159 491450 2332 2505
491159 491450 1461 2332
491450 492475 2332 2505
491450 492475 1461 2332
492475 492712 2332 2505
492475 492712 1461 2332
492712 493170 2332 2505
492712 493170 1461 2332
493170 494511 2332 2505
493170 494511 1461 2332
494511 495251 2332 2505
494511 495251 1461 2332
495251 496906 2332 2505
495251 496906 1461 2332
496906 497202 2332 2505
496906 497202 1461 2332
497202 499099 2332 2505
497202 499099 1461 2332
499099 501062 2332 2505
499099 501062 1461 2332
501062 501653 2332 2505
501062 501653 1461 2332
501653 502211 2332 2505
501653 502211 1461 2332
502211 502288 2332 2505
502211 502288 1461 2332
502288 503302 2332 2505
502288 503302 1461 2332
503302 504912 2332 2505
503302 504912 1461 2332
504912 505266 2332 2505
504912 505266 1461 2332
505266 506393 2332 2505
505266 506393 1461 2332
506393 508267 2332 2505
506393 508267 1461 2332
508267 509727 2332 2505
508267 509727 1461 2332
509727 511195 2332 2505
509727 511195 1461 2332
511195 512482 2332 2505
511195 512482 1461 2332
512482 514030 2332 2505
512482 514030 1461 2332
514030 514373 2332 2505
514030 514373 1461 2332
514373 515427 2332 2505
514373 515427 1461 2332
515427 517424 2332 2505
515427 517424 1461 2332
517424 518527 2332 2505
517424 518527 1461 2332
518527 520295 2332 2505
518527 520295 1461 2332
520295 521414 2332 2505
520295 521414 1461 2332
521414 523039 2332 2505
521414 523039 1461 2332
523039 525007 2332 2505
523039 525007 1461 2332
525007 525697 2332 2505
525007 525697 1461 2332
525697 527612 2332 2505
525697 527612 1461 2332
527612 528605 2332 2505
527612 528605 1461 2332
528605 529531 2332 2505
528605 529531 1461 2332
529531 529903 2332 2505
529531 529903 1461 2332
529903 530588 2332 2505
529903 530588 1461 2332
530588 530606 2332 2505
530588 530606 1461 2332
530606 530985 2332 2505
530606 530985 1461 2332
530985 531965 2332 2505
530985 531965 1461 2332
531965 532231 2332 2505
531965 532231 1461 2332
532231 532572 2332 2505
532231 532572 1461 2332
532572 534142 2332 2505
532572 534142 1461 2332
534142 534965 2332 2505
534142 534965 1461 2332
534965 535734 2332 2505
534965 535734 1461 2332
535734 536669 2332 2505
535734 536669 1461 2332
536669 537102 2332 2505
536669 537102 1461 2332
537102 538224 2332 2505
537102 538224 1461 2332
538224 538285 2332 2505
538224 538285 1461 2332
538285 538943 2332 2505
538285 538943 1461 2332
538943 539876 2332 2505
538943 539876 1461 2332
539876 541757 2332 2505
539876 541757 1461 2332
541757 543701 2332 2505
541757 543701 1461 2332
543701 544533 2332 2505
543701 544533 1461 2332
544533 545108 2332 2505
544533 545108 1461 2332
545108 546457 2332 2505
545108 546457 1461 2332
546457 547286 2332 2505
546457 547286 1461 2332
547286 548963 2332 2505
547286 548963 1461 2332
548963 550079 2332 2505
548963 550079 1461 2332
550079 550378 2332 2505
550079 550378 1461 2332
550378 552031 2332 2505
550378 552031 1461 2332
552031 553115 2332 2505
552031 553115 1461 2332
553115 554103 2332 2505
553115 554103 1461 2332
554103 555670 2332 2505
554103 555670 1461 2332
555670 556098 2332 2505
555670 556098 1461 2332
556098 556363 2332 2505
556098 556363 1461 2332
556363 556654 2332 2505
556363 556654 1461 2332
556654 557766 2332 2505
556654 557766 1461 2332
557766 558400 2332 2505
557766 558400 1461 2332
558400 559069 2332 2505
558400 559069 1461 2332
559069 559512 2332 2505
559069 559512 1461 2332
559512 560412 2332 2505
559512 560412 1461 2332
560412 561421 2332 2505
560412 561421 1461 2332
561421 561433 2332 2505
561421 561433 1461 2332
561433 563155 2332 2505
561433 563155 1461 2332
563155 563284 2332 2505
563155 563284 1461 2332
563284 564582 2332 2505
563284 564582 1461 2332
564582 565088 2332 2505
564582 565088 1461 2332
565088 566339 2332 2505
565088 566339 1461 2332
566339 568050 2332 2505
566339 568050 1461 2332
568050 569213 2332 2505
568050 569213 1461 2332
569213 569396 2332 2505
569213 569396 1461 2332
569396 570987 2332 2505
569396 570987 1461 2332
570987 572445 2332 2505
570987 572445 1461 2332
572445 573812 2332 2505
572445 573812 1461 2332
573812 574329 2332 2505
573812 574329 1461 2332
574329 575135 2332 2505
574329 575135 1461 2332
575135 575330 2332 2505
575135 575330 1461 2332
575330 575523 2332 2505
575330 575523 1461 2332
575523 575797 2332 2505
575523 575797 1461 2332
575797 576642 2332 2505
575797 576642 1461 2332
576642 576839 2332 2505
576642 576839 1461 2332
576839 578196 2332 2505
576839 578196 1461 2332
578196 580028 2332 2505
578196 580028 1461 2332
580028 581791 2332 2505
580028 581791 1461 2332
581791 581927 2332 2505
581791 581927 1461 2332
581927 582375 2332 2505
581927 582375 1461 2332
582375 582780 2332 2505
582375 582780 1461 2332
582780 584379 2332 2505
582780 584379 1461 2332
584379 585461 2332 2505
584379 585461 1461 2332
585461 586886 2332 2505
585461 586886 1461 2332
586886 586927 2332 2505
586886 586927 1461 2332
586927 588908 2332 2505
586927 588908 1461 2332
588908 589693 2332 2505
588908 589693 1461 2332
589693 590097 2332 2505
589693 590097 1461 2332
590097 591799 2332 2505
590097 591799 1461 2332
591799 592713 2332 2505
591799 592713 1461 2332
592713 594414 2332 2505
592713 594414 1461 2332
594414 594622 2332 2505
594414 594622 1461 2332
594622 594786 2332 2505
594622 594786 1461 2332
594786 596197 2332 2505
594786 596197 1461 2332
596197 597919 2332 2505
596197 597919 1461 2332
597919 598617 2332 2505
597919 598617 1461 2332
598617 599970 2332 2505
598617 599970 1461 2332
599970 601150 2332 2505
599970 601150 1461 2332
601150 601566 2332 2505
601150 601566 1461 2332
601566 603435 2332 2505
601566 603435 1461 2332
603435 603772 2332 2505
603435 603772 1461 2332
603772 604382 2332 2505
603772 604382 1461 2332
604382 604795 2332 2505
604382 604795 1461 2332
604795 605405 2332 2505
604795 605405 1461 2332
605405 606859 2332 2505
605405 606859 1461 2332
606859 607468 2332 2505
606859 607468 1461 2332
607468 607786 2332 2505
607468 607786 1461 2332
607786 609423 2332 2505
607786 609423 1461 2332
609423 610147 2332 2505
609423 610147 1461 2332
610147 610600 2332 2505
610147 610600 1461 2332
610600 611037 2332 2505
610600 611037 1461 2332
611037 612165 2332 2505
611037 612165 1461 2332
612165 612216 2332 2505
612165 612216 1461 2332
612216 613734 2332 2505
612216 613734 1461 2332
613734 614639 2332 2505
613734 614639 1461 2332
614639 614730 2332 2505
614639 614730 1461 2332
