1000
1 2
2 3
2 4
2 5
2 6
3 7
4 8
4 9
5 10
7 11
9 12
9 13
9 14
9 15
10 16
10 17
10 18
11 19
11 20
12 21
12 22
13 23
14 24
14 25
14 26
15 27
15 28
15 29
15 30
19 31
19 32
20 33
20 34
22 35
22 36
22 37
22 38
23 39
23 40
23 41
23 42
24 43
24 44
26 45
27 46
27 47
27 48
28 49
28 50
29 51
29 52
29 53
29 54
31 55
31 56
31 57
33 58
33 59
33 60
33 61
34 62
35 63
35 64
35 65
35 66
36 67
36 68
37 69
37 70
39 71
39 72
39 73
40 74
40 75
40 76
41 77
42 78
42 79
43 80
44 81
44 82
44 83
44 84
47 85
47 86
47 87
47 88
48 89
48 90
49 91
49 92
50 93
50 94
50 95
52 96
52 97
53 98
53 99
54 100
55 101
56 102
56 103
56 104
56 105
57 106
57 107
58 108
59 109
59 110
59 111
60 112
60 113
61 114
62 115
62 116
62 117
62 118
63 119
63 120
63 121
63 122
64 123
64 124
68 125
68 126
68 127
68 128
69 129
69 130
69 131
72 132
73 133
73 134
73 135
73 136
74 137
76 138
76 139
76 140
76 141
77 142
77 143
77 144
78 145
78 146
78 147
78 148
79 149
80 150
80 151
80 152
81 153
81 154
82 155
82 156
82 157
83 158
83 159
84 160
84 161
86 162
87 163
87 164
87 165
88 166
88 167
88 168
88 169
89 170
89 171
90 172
90 173
91 174
91 175
91 176
92 177
93 178
94 179
94 180
94 181
94 182
95 183
95 184
95 185
96 186
96 187
96 188
101 189
101 190
103 191
104 192
105 193
106 194
107 195
107 196
108 197
110 198
110 199
110 200
110 201
111 202
112 203
112 204
112 205
112 206
113 207
113 208
113 209
113 210
114 211
114 212
114 213
114 214
115 215
116 216
119 217
120 218
120 219
120 220
120 221
121 222
121 223
121 224
121 225
122 226
124 227
124 228
125 229
126 230
126 231
126 232
126 233
127 234
127 235
128 236
128 237
128 238
129 239
130 240
130 241
131 242
131 243
131 244
132 245
132 246
132 247
132 248
133 249
133 250
134 251
137 252
137 253
138 254
138 255
138 256
139 257
139 258
139 259
139 260
140 261
140 262
140 263
140 264
141 265
141 266
141 267
141 268
144 269
144 270
144 271
145 272
145 273
145 274
145 275
146 276
146 277
147 278
147 279
148 280
149 281
149 282
149 283
149 284
151 285
152 286
152 287
152 288
153 289
154 290
155 291
155 292
156 293
156 294
158 295
158 296
158 297
158 298
159 299
159 300
160 301
160 302
161 303
161 304
163 305
163 306
163 307
164 308
165 309
165 310
165 311
166 312
166 313
166 314
167 315
167 316
168 317
168 318
169 319
170 320
171 321
173 322
173 323
173 324
174 325
174 326
175 327
176 328
176 329
176 330
177 331
178 332
178 333
178 334
179 335
179 336
179 337
179 338
180 339
180 340
181 341
181 342
181 343
182 344
182 345
184 346
185 347
185 348
185 349
185 350
186 351
186 352
186 353
186 354
187 355
188 356
189 357
189 358
189 359
190 360
190 361
190 362
192 363
192 364
193 365
194 366
194 367
194 368
195 369
195 370
195 371
195 372
196 373
196 374
196 375
196 376
197 377
197 378
198 379
198 380
198 381
199 382
199 383
201 384
203 385
203 386
203 387
204 388
204 389
204 390
204 391
205 392
205 393
205 394
205 395
206 396
206 397
206 398
206 399
207 400
207 401
207 402
207 403
209 404
209 405
209 406
209 407
210 408
210 409
210 410
210 411
211 412
211 413
212 414
212 415
212 416
212 417
213 418
214 419
214 420
214 421
214 422
216 423
216 424
218 425
219 426
219 427
219 428
219 429
220 430
220 431
220 432
220 433
222 434
222 435
222 436
222 437
223 438
223 439
223 440
224 441
224 442
224 443
226 444
226 445
227 446
227 447
228 448
228 449
229 450
229 451
230 452
230 453
230 454
230 455
231 456
231 457
232 458
232 459
232 460
233 461
233 462
234 463
234 464
236 465
237 466
238 467
238 468
238 469
238 470
239 471
239 472
239 473
239 474
240 475
240 476
242 477
242 478
242 479
243 480
244 481
244 482
244 483
244 484
246 485
246 486
246 487
246 488
247 489
249 490
249 491
250 492
250 493
251 494
252 495
252 496
252 497
252 498
253 499
253 500
253 501
253 502
255 503
255 504
256 505
256 506
256 507
256 508
257 509
257 510
257 511
257 512
258 513
258 514
259 515
259 516
259 517
260 518
260 519
261 520
262 521
262 522
263 523
263 524
264 525
264 526
264 527
266 528
266 529
266 530
266 531
267 532
267 533
268 534
268 535
268 536
269 537
269 538
269 539
269 540
270 541
271 542
272 543
272 544
272 545
272 546
273 547
274 548
274 549
274 550
274 551
276 552
278 553
278 554
279 555
279 556
280 557
280 558
280 559
281 560
281 561
281 562
281 563
282 564
282 565
282 566
283 567
283 568
283 569
283 570
286 571
286 572
287 573
287 574
287 575
287 576
289 577
289 578
289 579
289 580
290 581
290 582
291 583
291 584
291 585
291 586
292 587
292 588
293 589
293 590
294 591
294 592
294 593
295 594
295 595
295 596
296 597
296 598
297 599
297 600
297 601
298 602
298 603
300 604
300 605
300 606
300 607
301 608
301 609
301 610
302 611
303 612
303 613
303 614
304 615
304 616
304 617
304 618
305 619
305 620
305 621
306 622
306 623
306 624
306 625
307 626
307 627
307 628
308 629
308 630
308 631
309 632
309 633
309 634
311 635
312 636
312 637
312 638
312 639
314 640
314 641
314 642
316 643
318 644
319 645
319 646
319 647
320 648
321 649
321 650
321 651
321 652
322 653
322 654
322 655
322 656
324 657
324 658
324 659
325 660
325 661
328 662
328 663
329 664
329 665
331 666
332 667
332 668
333 669
333 670
333 671
333 672
334 673
334 674
335 675
335 676
335 677
335 678
336 679
336 680
337 681
337 682
337 683
338 684
338 685
340 686
341 687
341 688
342 689
342 690
342 691
342 692
344 693
344 694
344 695
344 696
345 697
345 698
346 699
346 700
348 701
348 702
348 703
348 704
349 705
349 706
349 707
349 708
351 709
351 710
353 711
353 712
353 713
353 714
354 715
354 716
355 717
355 718
355 719
356 720
356 721
356 722
356 723
357 724
357 725
357 726
358 727
358 728
358 729
359 730
359 731
359 732
360 733
360 734
364 735
364 736
364 737
364 738
365 739
365 740
365 741
365 742
366 743
366 744
366 745
366 746
367 747
367 748
367 749
368 750
368 751
369 752
370 753
371 754
371 755
371 756
375 757
375 758
375 759
375 760
376 761
376 762
376 763
376 764
377 765
377 766
377 767
378 768
378 769
379 770
379 771
379 772
380 773
380 774
381 775
381 776
382 777
382 778
383 779
383 780
383 781
383 782
384 783
384 784
384 785
384 786
385 787
385 788
385 789
385 790
386 791
386 792
388 793
388 794
388 795
388 796
389 797
389 798
390 799
390 800
390 801
391 802
391 803
391 804
391 805
392 806
392 807
394 808
394 809
394 810
394 811
395 812
395 813
395 814
395 815
396 816
396 817
396 818
396 819
398 820
398 821
399 822
400 823
402 824
403 825
403 826
403 827
405 828
405 829
406 830
406 831
407 832
409 833
410 834
411 835
411 836
411 837
411 838
412 839
413 840
413 841
413 842
414 843
414 844
414 845
415 846
415 847
417 848
417 849
418 850
418 851
419 852
420 853
420 854
420 855
420 856
421 857
421 858
423 859
423 860
423 861
424 862
424 863
424 864
425 865
426 866
426 867
427 868
427 869
427 870
427 871
428 872
429 873
429 874
430 875
430 876
430 877
431 878
431 879
431 880
431 881
432 882
432 883
432 884
432 885
433 886
433 887
433 888
433 889
434 890
434 891
436 892
437 893
437 894
438 895
438 896
438 897
439 898
439 899
439 900
440 901
440 902
440 903
442 904
442 905
443 906
444 907
444 908
444 909
445 910
445 911
446 912
446 913
446 914
447 915
447 916
447 917
448 918
448 919
448 920
448 921
454 922
454 923
454 924
454 925
456 926
456 927
457 928
457 929
457 930
458 931
458 932
458 933
458 934
460 935
460 936
461 937
461 938
461 939
461 940
463 941
463 942
464 943
464 944
464 945
464 946
465 947
465 948
465 949
465 950
466 951
466 952
466 953
466 954
468 955
469 956
469 957
470 958
471 959
471 960
472 961
472 962
473 963
473 964
473 965
475 966
475 967
475 968
476 969
476 970
476 971
477 972
477 973
477 974
477 975
478 976
479 977
479 978
479 979
479 980
480 981
481 982
481 983
481 984
483 985
484 986
485 987
486 988
486 989
486 990
488 991
488 992
488 993
488 994
491 995
491 996
491 997
491 998
492 999
479 1000
