10101
1 2
1 3
1 4
1 5
1 6
1 7
1 8
1 9
1 10
1 11
1 12
1 13
1 14
1 15
1 16
1 17
1 18
1 19
1 20
1 21
1 22
1 23
1 24
1 25
1 26
1 27
1 28
1 29
1 30
1 31
1 32
1 33
1 34
1 35
1 36
1 37
1 38
1 39
1 40
1 41
1 42
1 43
1 44
1 45
1 46
1 47
1 48
1 49
1 50
1 51
1 52
1 53
1 54
1 55
1 56
1 57
1 58
1 59
1 60
1 61
1 62
1 63
1 64
1 65
1 66
1 67
1 68
1 69
1 70
1 71
1 72
1 73
1 74
1 75
1 76
1 77
1 78
1 79
1 80
1 81
1 82
1 83
1 84
1 85
1 86
1 87
1 88
1 89
1 90
1 91
1 92
1 93
1 94
1 95
1 96
1 97
1 98
1 99
1 100
1 101
2 102
2 103
2 104
2 105
2 106
2 107
2 108
2 109
2 110
2 111
2 112
2 113
2 114
2 115
2 116
2 117
2 118
2 119
2 120
2 121
2 122
2 123
2 124
2 125
2 126
2 127
2 128
2 129
2 130
2 131
2 132
2 133
2 134
2 135
2 136
2 137
2 138
2 139
2 140
2 141
2 142
2 143
2 144
2 145
2 146
2 147
2 148
2 149
2 150
2 151
2 152
2 153
2 154
2 155
2 156
2 157
2 158
2 159
2 160
2 161
2 162
2 163
2 164
2 165
2 166
2 167
2 168
2 169
2 170
2 171
2 172
2 173
2 174
2 175
2 176
2 177
2 178
2 179
2 180
2 181
2 182
2 183
2 184
2 185
2 186
2 187
2 188
2 189
2 190
2 191
2 192
2 193
2 194
2 195
2 196
2 197
2 198
2 199
2 200
2 201
3 202
3 203
3 204
3 205
3 206
3 207
3 208
3 209
3 210
3 211
3 212
3 213
3 214
3 215
3 216
3 217
3 218
3 219
3 220
3 221
3 222
3 223
3 224
3 225
3 226
3 227
3 228
3 229
3 230
3 231
3 232
3 233
3 234
3 235
3 236
3 237
3 238
3 239
3 240
3 241
3 242
3 243
3 244
3 245
3 246
3 247
3 248
3 249
3 250
3 251
3 252
3 253
3 254
3 255
3 256
3 257
3 258
3 259
3 260
3 261
3 262
3 263
3 264
3 265
3 266
3 267
3 268
3 269
3 270
3 271
3 272
3 273
3 274
3 275
3 276
3 277
3 278
3 279
3 280
3 281
3 282
3 283
3 284
3 285
3 286
3 287
3 288
3 289
3 290
3 291
3 292
3 293
3 294
3 295
3 296
3 297
3 298
3 299
3 300
3 301
4 302
4 303
4 304
4 305
4 306
4 307
4 308
4 309
4 310
4 311
4 312
4 313
4 314
4 315
4 316
4 317
4 318
4 319
4 320
4 321
4 322
4 323
4 324
4 325
4 326
4 327
4 328
4 329
4 330
4 331
4 332
4 333
4 334
4 335
4 336
4 337
4 338
4 339
4 340
4 341
4 342
4 343
4 344
4 345
4 346
4 347
4 348
4 349
4 350
4 351
4 352
4 353
4 354
4 355
4 356
4 357
4 358
4 359
4 360
4 361
4 362
4 363
4 364
4 365
4 366
4 367
4 368
4 369
4 370
4 371
4 372
4 373
4 374
4 375
4 376
4 377
4 378
4 379
4 380
4 381
4 382
4 383
4 384
4 385
4 386
4 387
4 388
4 389
4 390
4 391
4 392
4 393
4 394
4 395
4 396
4 397
4 398
4 399
4 400
4 401
5 402
5 403
5 404
5 405
5 406
5 407
5 408
5 409
5 410
5 411
5 412
5 413
5 414
5 415
5 416
5 417
5 418
5 419
5 420
5 421
5 422
5 423
5 424
5 425
5 426
5 427
5 428
5 429
5 430
5 431
5 432
5 433
5 434
5 435
5 436
5 437
5 438
5 439
5 440
5 441
5 442
5 443
5 444
5 445
5 446
5 447
5 448
5 449
5 450
5 451
5 452
5 453
5 454
5 455
5 456
5 457
5 458
5 459
5 460
5 461
5 462
5 463
5 464
5 465
5 466
5 467
5 468
5 469
5 470
5 471
5 472
5 473
5 474
5 475
5 476
5 477
5 478
5 479
5 480
5 481
5 482
5 483
5 484
5 485
5 486
5 487
5 488
5 489
5 490
5 491
5 492
5 493
5 494
5 495
5 496
5 497
5 498
5 499
5 500
5 501
6 502
6 503
6 504
6 505
6 506
6 507
6 508
6 509
6 510
6 511
6 512
6 513
6 514
6 515
6 516
6 517
6 518
6 519
6 520
6 521
6 522
6 523
6 524
6 525
6 526
6 527
6 528
6 529
6 530
6 531
6 532
6 533
6 534
6 535
6 536
6 537
6 538
6 539
6 540
6 541
6 542
6 543
6 544
6 545
6 546
6 547
6 548
6 549
6 550
6 551
6 552
6 553
6 554
6 555
6 556
6 557
6 558
6 559
6 560
6 561
6 562
6 563
6 564
6 565
6 566
6 567
6 568
6 569
6 570
6 571
6 572
6 573
6 574
6 575
6 576
6 577
6 578
6 579
6 580
6 581
6 582
6 583
6 584
6 585
6 586
6 587
6 588
6 589
6 590
6 591
6 592
6 593
6 594
6 595
6 596
6 597
6 598
6 599
6 600
6 601
7 602
7 603
7 604
7 605
7 606
7 607
7 608
7 609
7 610
7 611
7 612
7 613
7 614
7 615
7 616
7 617
7 618
7 619
7 620
7 621
7 622
7 623
7 624
7 625
7 626
7 627
7 628
7 629
7 630
7 631
7 632
7 633
7 634
7 635
7 636
7 637
7 638
7 639
7 640
7 641
7 642
7 643
7 644
7 645
7 646
7 647
7 648
7 649
7 650
7 651
7 652
7 653
7 654
7 655
7 656
7 657
7 658
7 659
7 660
7 661
7 662
7 663
7 664
7 665
7 666
7 667
7 668
7 669
7 670
7 671
7 672
7 673
7 674
7 675
7 676
7 677
7 678
7 679
7 680
7 681
7 682
7 683
7 684
7 685
7 686
7 687
7 688
7 689
7 690
7 691
7 692
7 693
7 694
7 695
7 696
7 697
7 698
7 699
7 700
7 701
8 702
8 703
8 704
8 705
8 706
8 707
8 708
8 709
8 710
8 711
8 712
8 713
8 714
8 715
8 716
8 717
8 718
8 719
8 720
8 721
8 722
8 723
8 724
8 725
8 726
8 727
8 728
8 729
8 730
8 731
8 732
8 733
8 734
8 735
8 736
8 737
8 738
8 739
8 740
8 741
8 742
8 743
8 744
8 745
8 746
8 747
8 748
8 749
8 750
8 751
8 752
8 753
8 754
8 755
8 756
8 757
8 758
8 759
8 760
8 761
8 762
8 763
8 764
8 765
8 766
8 767
8 768
8 769
8 770
8 771
8 772
8 773
8 774
8 775
8 776
8 777
8 778
8 779
8 780
8 781
8 782
8 783
8 784
8 785
8 786
8 787
8 788
8 789
8 790
8 791
8 792
8 793
8 794
8 795
8 796
8 797
8 798
8 799
8 800
8 801
9 802
9 803
9 804
9 805
9 806
9 807
9 808
9 809
9 810
9 811
9 812
9 813
9 814
9 815
9 816
9 817
9 818
9 819
9 820
9 821
9 822
9 823
9 824
9 825
9 826
9 827
9 828
9 829
9 830
9 831
9 832
9 833
9 834
9 835
9 836
9 837
9 838
9 839
9 840
9 841
9 842
9 843
9 844
9 845
9 846
9 847
9 848
9 849
9 850
9 851
9 852
9 853
9 854
9 855
9 856
9 857
9 858
9 859
9 860
9 861
9 862
9 863
9 864
9 865
9 866
9 867
9 868
9 869
9 870
9 871
9 872
9 873
9 874
9 875
9 876
9 877
9 878
9 879
9 880
9 881
9 882
9 883
9 884
9 885
9 886
9 887
9 888
9 889
9 890
9 891
9 892
9 893
9 894
9 895
9 896
9 897
9 898
9 899
9 900
9 901
10 902
10 903
10 904
10 905
10 906
10 907
10 908
10 909
10 910
10 911
10 912
10 913
10 914
10 915
10 916
10 917
10 918
10 919
10 920
10 921
10 922
10 923
10 924
10 925
10 926
10 927
10 928
10 929
10 930
10 931
10 932
10 933
10 934
10 935
10 936
10 937
10 938
10 939
10 940
10 941
10 942
10 943
10 944
10 945
10 946
10 947
10 948
10 949
10 950
10 951
10 952
10 953
10 954
10 955
10 956
10 957
10 958
10 959
10 960
10 961
10 962
10 963
10 964
10 965
10 966
10 967
10 968
10 969
10 970
10 971
10 972
10 973
10 974
10 975
10 976
10 977
10 978
10 979
10 980
10 981
10 982
10 983
10 984
10 985
10 986
10 987
10 988
10 989
10 990
10 991
10 992
10 993
10 994
10 995
10 996
10 997
10 998
10 999
10 1000
10 1001
11 1002
11 1003
11 1004
11 1005
11 1006
11 1007
11 1008
11 1009
11 1010
11 1011
11 1012
11 1013
11 1014
11 1015
11 1016
11 1017
11 1018
11 1019
11 1020
11 1021
11 1022
11 1023
11 1024
11 1025
11 1026
11 1027
11 1028
11 1029
11 1030
11 1031
11 1032
11 1033
11 1034
11 1035
11 1036
11 1037
11 1038
11 1039
11 1040
11 1041
11 1042
11 1043
11 1044
11 1045
11 1046
11 1047
11 1048
11 1049
11 1050
11 1051
11 1052
11 1053
11 1054
11 1055
11 1056
11 1057
11 1058
11 1059
11 1060
11 1061
11 1062
11 1063
11 1064
11 1065
11 1066
11 1067
11 1068
11 1069
11 1070
11 1071
11 1072
11 1073
11 1074
11 1075
11 1076
11 1077
11 1078
11 1079
11 1080
11 1081
11 1082
11 1083
11 1084
11 1085
11 1086
11 1087
11 1088
11 1089
11 1090
11 1091
11 1092
11 1093
11 1094
11 1095
11 1096
11 1097
11 1098
11 1099
11 1100
11 1101
12 1102
12 1103
12 1104
12 1105
12 1106
12 1107
12 1108
12 1109
12 1110
12 1111
12 1112
12 1113
12 1114
12 1115
12 1116
12 1117
12 1118
12 1119
12 1120
12 1121
12 1122
12 1123
12 1124
12 1125
12 1126
12 1127
12 1128
12 1129
12 1130
12 1131
12 1132
12 1133
12 1134
12 1135
12 1136
12 1137
12 1138
12 1139
12 1140
12 1141
12 1142
12 1143
12 1144
12 1145
12 1146
12 1147
12 1148
12 1149
12 1150
12 1151
12 1152
12 1153
12 1154
12 1155
12 1156
12 1157
12 1158
12 1159
12 1160
12 1161
12 1162
12 1163
12 1164
12 1165
12 1166
12 1167
12 1168
12 1169
12 1170
12 1171
12 1172
12 1173
12 1174
12 1175
12 1176
12 1177
12 1178
12 1179
12 1180
12 1181
12 1182
12 1183
12 1184
12 1185
12 1186
12 1187
12 1188
12 1189
12 1190
12 1191
12 1192
12 1193
12 1194
12 1195
12 1196
12 1197
12 1198
12 1199
12 1200
12 1201
13 1202
13 1203
13 1204
13 1205
13 1206
13 1207
13 1208
13 1209
13 1210
13 1211
13 1212
13 1213
13 1214
13 1215
13 1216
13 1217
13 1218
13 1219
13 1220
13 1221
13 1222
13 1223
13 1224
13 1225
13 1226
13 1227
13 1228
13 1229
13 1230
13 1231
13 1232
13 1233
13 1234
13 1235
13 1236
13 1237
13 1238
13 1239
13 1240
13 1241
13 1242
13 1243
13 1244
13 1245
13 1246
13 1247
13 1248
13 1249
13 1250
13 1251
13 1252
13 1253
13 1254
13 1255
13 1256
13 1257
13 1258
13 1259
13 1260
13 1261
13 1262
13 1263
13 1264
13 1265
13 1266
13 1267
13 1268
13 1269
13 1270
13 1271
13 1272
13 1273
13 1274
13 1275
13 1276
13 1277
13 1278
13 1279
13 1280
13 1281
13 1282
13 1283
13 1284
13 1285
13 1286
13 1287
13 1288
13 1289
13 1290
13 1291
13 1292
13 1293
13 1294
13 1295
13 1296
13 1297
13 1298
13 1299
13 1300
13 1301
14 1302
14 1303
14 1304
14 1305
14 1306
14 1307
14 1308
14 1309
14 1310
14 1311
14 1312
14 1313
14 1314
14 1315
14 1316
14 1317
14 1318
14 1319
14 1320
14 1321
14 1322
14 1323
14 1324
14 1325
14 1326
14 1327
14 1328
14 1329
14 1330
14 1331
14 1332
14 1333
14 1334
14 1335
14 1336
14 1337
14 1338
14 1339
14 1340
14 1341
14 1342
14 1343
14 1344
14 1345
14 1346
14 1347
14 1348
14 1349
14 1350
14 1351
14 1352
14 1353
14 1354
14 1355
14 1356
14 1357
14 1358
14 1359
14 1360
14 1361
14 1362
14 1363
14 1364
14 1365
14 1366
14 1367
14 1368
14 1369
14 1370
14 1371
14 1372
14 1373
14 1374
14 1375
14 1376
14 1377
14 1378
14 1379
14 1380
14 1381
14 1382
14 1383
14 1384
14 1385
14 1386
14 1387
14 1388
14 1389
14 1390
14 1391
14 1392
14 1393
14 1394
14 1395
14 1396
14 1397
14 1398
14 1399
14 1400
14 1401
15 1402
15 1403
15 1404
15 1405
15 1406
15 1407
15 1408
15 1409
15 1410
15 1411
15 1412
15 1413
15 1414
15 1415
15 1416
15 1417
15 1418
15 1419
15 1420
15 1421
15 1422
15 1423
15 1424
15 1425
15 1426
15 1427
15 1428
15 1429
15 1430
15 1431
15 1432
15 1433
15 1434
15 1435
15 1436
15 1437
15 1438
15 1439
15 1440
15 1441
15 1442
15 1443
15 1444
15 1445
15 1446
15 1447
15 1448
15 1449
15 1450
15 1451
15 1452
15 1453
15 1454
15 1455
15 1456
15 1457
15 1458
15 1459
15 1460
15 1461
15 1462
15 1463
15 1464
15 1465
15 1466
15 1467
15 1468
15 1469
15 1470
15 1471
15 1472
15 1473
15 1474
15 1475
15 1476
15 1477
15 1478
15 1479
15 1480
15 1481
15 1482
15 1483
15 1484
15 1485
15 1486
15 1487
15 1488
15 1489
15 1490
15 1491
15 1492
15 1493
15 1494
15 1495
15 1496
15 1497
15 1498
15 1499
15 1500
15 1501
16 1502
16 1503
16 1504
16 1505
16 1506
16 1507
16 1508
16 1509
16 1510
16 1511
16 1512
16 1513
16 1514
16 1515
16 1516
16 1517
16 1518
16 1519
16 1520
16 1521
16 1522
16 1523
16 1524
16 1525
16 1526
16 1527
16 1528
16 1529
16 1530
16 1531
16 1532
16 1533
16 1534
16 1535
16 1536
16 1537
16 1538
16 1539
16 1540
16 1541
16 1542
16 1543
16 1544
16 1545
16 1546
16 1547
16 1548
16 1549
16 1550
16 1551
16 1552
16 1553
16 1554
16 1555
16 1556
16 1557
16 1558
16 1559
16 1560
16 1561
16 1562
16 1563
16 1564
16 1565
16 1566
16 1567
16 1568
16 1569
16 1570
16 1571
16 1572
16 1573
16 1574
16 1575
16 1576
16 1577
16 1578
16 1579
16 1580
16 1581
16 1582
16 1583
16 1584
16 1585
16 1586
16 1587
16 1588
16 1589
16 1590
16 1591
16 1592
16 1593
16 1594
16 1595
16 1596
16 1597
16 1598
16 1599
16 1600
16 1601
17 1602
17 1603
17 1604
17 1605
17 1606
17 1607
17 1608
17 1609
17 1610
17 1611
17 1612
17 1613
17 1614
17 1615
17 1616
17 1617
17 1618
17 1619
17 1620
17 1621
17 1622
17 1623
17 1624
17 1625
17 1626
17 1627
17 1628
17 1629
17 1630
17 1631
17 1632
17 1633
17 1634
17 1635
17 1636
17 1637
17 1638
17 1639
17 1640
17 1641
17 1642
17 1643
17 1644
17 1645
17 1646
17 1647
17 1648
17 1649
17 1650
17 1651
17 1652
17 1653
17 1654
17 1655
17 1656
17 1657
17 1658
17 1659
17 1660
17 1661
17 1662
17 1663
17 1664
17 1665
17 1666
17 1667
17 1668
17 1669
17 1670
17 1671
17 1672
17 1673
17 1674
17 1675
17 1676
17 1677
17 1678
17 1679
17 1680
17 1681
17 1682
17 1683
17 1684
17 1685
17 1686
17 1687
17 1688
17 1689
17 1690
17 1691
17 1692
17 1693
17 1694
17 1695
17 1696
17 1697
17 1698
17 1699
17 1700
17 1701
18 1702
18 1703
18 1704
18 1705
18 1706
18 1707
18 1708
18 1709
18 1710
18 1711
18 1712
18 1713
18 1714
18 1715
18 1716
18 1717
18 1718
18 1719
18 1720
18 1721
18 1722
18 1723
18 1724
18 1725
18 1726
18 1727
18 1728
18 1729
18 1730
18 1731
18 1732
18 1733
18 1734
18 1735
18 1736
18 1737
18 1738
18 1739
18 1740
18 1741
18 1742
18 1743
18 1744
18 1745
18 1746
18 1747
18 1748
18 1749
18 1750
18 1751
18 1752
18 1753
18 1754
18 1755
18 1756
18 1757
18 1758
18 1759
18 1760
18 1761
18 1762
18 1763
18 1764
18 1765
18 1766
18 1767
18 1768
18 1769
18 1770
18 1771
18 1772
18 1773
18 1774
18 1775
18 1776
18 1777
18 1778
18 1779
18 1780
18 1781
18 1782
18 1783
18 1784
18 1785
18 1786
18 1787
18 1788
18 1789
18 1790
18 1791
18 1792
18 1793
18 1794
18 1795
18 1796
18 1797
18 1798
18 1799
18 1800
18 1801
19 1802
19 1803
19 1804
19 1805
19 1806
19 1807
19 1808
19 1809
19 1810
19 1811
19 1812
19 1813
19 1814
19 1815
19 1816
19 1817
19 1818
19 1819
19 1820
19 1821
19 1822
19 1823
19 1824
19 1825
19 1826
19 1827
19 1828
19 1829
19 1830
19 1831
19 1832
19 1833
19 1834
19 1835
19 1836
19 1837
19 1838
19 1839
19 1840
19 1841
19 1842
19 1843
19 1844
19 1845
19 1846
19 1847
19 1848
19 1849
19 1850
19 1851
19 1852
19 1853
19 1854
19 1855
19 1856
19 1857
19 1858
19 1859
19 1860
19 1861
19 1862
19 1863
19 1864
19 1865
19 1866
19 1867
19 1868
19 1869
19 1870
19 1871
19 1872
19 1873
19 1874
19 1875
19 1876
19 1877
19 1878
19 1879
19 1880
19 1881
19 1882
19 1883
19 1884
19 1885
19 1886
19 1887
19 1888
19 1889
19 1890
19 1891
19 1892
19 1893
19 1894
19 1895
19 1896
19 1897
19 1898
19 1899
19 1900
19 1901
20 1902
20 1903
20 1904
20 1905
20 1906
20 1907
20 1908
20 1909
20 1910
20 1911
20 1912
20 1913
20 1914
20 1915
20 1916
20 1917
20 1918
20 1919
20 1920
20 1921
20 1922
20 1923
20 1924
20 1925
20 1926
20 1927
20 1928
20 1929
20 1930
20 1931
20 1932
20 1933
20 1934
20 1935
20 1936
20 1937
20 1938
20 1939
20 1940
20 1941
20 1942
20 1943
20 1944
20 1945
20 1946
20 1947
20 1948
20 1949
20 1950
20 1951
20 1952
20 1953
20 1954
20 1955
20 1956
20 1957
20 1958
20 1959
20 1960
20 1961
20 1962
20 1963
20 1964
20 1965
20 1966
20 1967
20 1968
20 1969
20 1970
20 1971
20 1972
20 1973
20 1974
20 1975
20 1976
20 1977
20 1978
20 1979
20 1980
20 1981
20 1982
20 1983
20 1984
20 1985
20 1986
20 1987
20 1988
20 1989
20 1990
20 1991
20 1992
20 1993
20 1994
20 1995
20 1996
20 1997
20 1998
20 1999
20 2000
20 2001
21 2002
21 2003
21 2004
21 2005
21 2006
21 2007
21 2008
21 2009
21 2010
21 2011
21 2012
21 2013
21 2014
21 2015
21 2016
21 2017
21 2018
21 2019
21 2020
21 2021
21 2022
21 2023
21 2024
21 2025
21 2026
21 2027
21 2028
21 2029
21 2030
21 2031
21 2032
21 2033
21 2034
21 2035
21 2036
21 2037
21 2038
21 2039
21 2040
21 2041
21 2042
21 2043
21 2044
21 2045
21 2046
21 2047
21 2048
21 2049
21 2050
21 2051
21 2052
21 2053
21 2054
21 2055
21 2056
21 2057
21 2058
21 2059
21 2060
21 2061
21 2062
21 2063
21 2064
21 2065
21 2066
21 2067
21 2068
21 2069
21 2070
21 2071
21 2072
21 2073
21 2074
21 2075
21 2076
21 2077
21 2078
21 2079
21 2080
21 2081
21 2082
21 2083
21 2084
21 2085
21 2086
21 2087
21 2088
21 2089
21 2090
21 2091
21 2092
21 2093
21 2094
21 2095
21 2096
21 2097
21 2098
21 2099
21 2100
21 2101
22 2102
22 2103
22 2104
22 2105
22 2106
22 2107
22 2108
22 2109
22 2110
22 2111
22 2112
22 2113
22 2114
22 2115
22 2116
22 2117
22 2118
22 2119
22 2120
22 2121
22 2122
22 2123
22 2124
22 2125
22 2126
22 2127
22 2128
22 2129
22 2130
22 2131
22 2132
22 2133
22 2134
22 2135
22 2136
22 2137
22 2138
22 2139
22 2140
22 2141
22 2142
22 2143
22 2144
22 2145
22 2146
22 2147
22 2148
22 2149
22 2150
22 2151
22 2152
22 2153
22 2154
22 2155
22 2156
22 2157
22 2158
22 2159
22 2160
22 2161
22 2162
22 2163
22 2164
22 2165
22 2166
22 2167
22 2168
22 2169
22 2170
22 2171
22 2172
22 2173
22 2174
22 2175
22 2176
22 2177
22 2178
22 2179
22 2180
22 2181
22 2182
22 2183
22 2184
22 2185
22 2186
22 2187
22 2188
22 2189
22 2190
22 2191
22 2192
22 2193
22 2194
22 2195
22 2196
22 2197
22 2198
22 2199
22 2200
22 2201
23 2202
23 2203
23 2204
23 2205
23 2206
23 2207
23 2208
23 2209
23 2210
23 2211
23 2212
23 2213
23 2214
23 2215
23 2216
23 2217
23 2218
23 2219
23 2220
23 2221
23 2222
23 2223
23 2224
23 2225
23 2226
23 2227
23 2228
23 2229
23 2230
23 2231
23 2232
23 2233
23 2234
23 2235
23 2236
23 2237
23 2238
23 2239
23 2240
23 2241
23 2242
23 2243
23 2244
23 2245
23 2246
23 2247
23 2248
23 2249
23 2250
23 2251
23 2252
23 2253
23 2254
23 2255
23 2256
23 2257
23 2258
23 2259
23 2260
23 2261
23 2262
23 2263
23 2264
23 2265
23 2266
23 2267
23 2268
23 2269
23 2270
23 2271
23 2272
23 2273
23 2274
23 2275
23 2276
23 2277
23 2278
23 2279
23 2280
23 2281
23 2282
23 2283
23 2284
23 2285
23 2286
23 2287
23 2288
23 2289
23 2290
23 2291
23 2292
23 2293
23 2294
23 2295
23 2296
23 2297
23 2298
23 2299
23 2300
23 2301
24 2302
24 2303
24 2304
24 2305
24 2306
24 2307
24 2308
24 2309
24 2310
24 2311
24 2312
24 2313
24 2314
24 2315
24 2316
24 2317
24 2318
24 2319
24 2320
24 2321
24 2322
24 2323
24 2324
24 2325
24 2326
24 2327
24 2328
24 2329
24 2330
24 2331
24 2332
24 2333
24 2334
24 2335
24 2336
24 2337
24 2338
24 2339
24 2340
24 2341
24 2342
24 2343
24 2344
24 2345
24 2346
24 2347
24 2348
24 2349
24 2350
24 2351
24 2352
24 2353
24 2354
24 2355
24 2356
24 2357
24 2358
24 2359
24 2360
24 2361
24 2362
24 2363
24 2364
24 2365
24 2366
24 2367
24 2368
24 2369
24 2370
24 2371
24 2372
24 2373
24 2374
24 2375
24 2376
24 2377
24 2378
24 2379
24 2380
24 2381
24 2382
24 2383
24 2384
24 2385
24 2386
24 2387
24 2388
24 2389
24 2390
24 2391
24 2392
24 2393
24 2394
24 2395
24 2396
24 2397
24 2398
24 2399
24 2400
24 2401
25 2402
25 2403
25 2404
25 2405
25 2406
25 2407
25 2408
25 2409
25 2410
25 2411
25 2412
25 2413
25 2414
25 2415
25 2416
25 2417
25 2418
25 2419
25 2420
25 2421
25 2422
25 2423
25 2424
25 2425
25 2426
25 2427
25 2428
25 2429
25 2430
25 2431
25 2432
25 2433
25 2434
25 2435
25 2436
25 2437
25 2438
25 2439
25 2440
25 2441
25 2442
25 2443
25 2444
25 2445
25 2446
25 2447
25 2448
25 2449
25 2450
25 2451
25 2452
25 2453
25 2454
25 2455
25 2456
25 2457
25 2458
25 2459
25 2460
25 2461
25 2462
25 2463
25 2464
25 2465
25 2466
25 2467
25 2468
25 2469
25 2470
25 2471
25 2472
25 2473
25 2474
25 2475
25 2476
25 2477
25 2478
25 2479
25 2480
25 2481
25 2482
25 2483
25 2484
25 2485
25 2486
25 2487
25 2488
25 2489
25 2490
25 2491
25 2492
25 2493
25 2494
25 2495
25 2496
25 2497
25 2498
25 2499
25 2500
25 2501
26 2502
26 2503
26 2504
26 2505
26 2506
26 2507
26 2508
26 2509
26 2510
26 2511
26 2512
26 2513
26 2514
26 2515
26 2516
26 2517
26 2518
26 2519
26 2520
26 2521
26 2522
26 2523
26 2524
26 2525
26 2526
26 2527
26 2528
26 2529
26 2530
26 2531
26 2532
26 2533
26 2534
26 2535
26 2536
26 2537
26 2538
26 2539
26 2540
26 2541
26 2542
26 2543
26 2544
26 2545
26 2546
26 2547
26 2548
26 2549
26 2550
26 2551
26 2552
26 2553
26 2554
26 2555
26 2556
26 2557
26 2558
26 2559
26 2560
26 2561
26 2562
26 2563
26 2564
26 2565
26 2566
26 2567
26 2568
26 2569
26 2570
26 2571
26 2572
26 2573
26 2574
26 2575
26 2576
26 2577
26 2578
26 2579
26 2580
26 2581
26 2582
26 2583
26 2584
26 2585
26 2586
26 2587
26 2588
26 2589
26 2590
26 2591
26 2592
26 2593
26 2594
26 2595
26 2596
26 2597
26 2598
26 2599
26 2600
26 2601
27 2602
27 2603
27 2604
27 2605
27 2606
27 2607
27 2608
27 2609
27 2610
27 2611
27 2612
27 2613
27 2614
27 2615
27 2616
27 2617
27 2618
27 2619
27 2620
27 2621
27 2622
27 2623
27 2624
27 2625
27 2626
27 2627
27 2628
27 2629
27 2630
27 2631
27 2632
27 2633
27 2634
27 2635
27 2636
27 2637
27 2638
27 2639
27 2640
27 2641
27 2642
27 2643
27 2644
27 2645
27 2646
27 2647
27 2648
27 2649
27 2650
27 2651
27 2652
27 2653
27 2654
27 2655
27 2656
27 2657
27 2658
27 2659
27 2660
27 2661
27 2662
27 2663
27 2664
27 2665
27 2666
27 2667
27 2668
27 2669
27 2670
27 2671
27 2672
27 2673
27 2674
27 2675
27 2676
27 2677
27 2678
27 2679
27 2680
27 2681
27 2682
27 2683
27 2684
27 2685
27 2686
27 2687
27 2688
27 2689
27 2690
27 2691
27 2692
27 2693
27 2694
27 2695
27 2696
27 2697
27 2698
27 2699
27 2700
27 2701
28 2702
28 2703
28 2704
28 2705
28 2706
28 2707
28 2708
28 2709
28 2710
28 2711
28 2712
28 2713
28 2714
28 2715
28 2716
28 2717
28 2718
28 2719
28 2720
28 2721
28 2722
28 2723
28 2724
28 2725
28 2726
28 2727
28 2728
28 2729
28 2730
28 2731
28 2732
28 2733
28 2734
28 2735
28 2736
28 2737
28 2738
28 2739
28 2740
28 2741
28 2742
28 2743
28 2744
28 2745
28 2746
28 2747
28 2748
28 2749
28 2750
28 2751
28 2752
28 2753
28 2754
28 2755
28 2756
28 2757
28 2758
28 2759
28 2760
28 2761
28 2762
28 2763
28 2764
28 2765
28 2766
28 2767
28 2768
28 2769
28 2770
28 2771
28 2772
28 2773
28 2774
28 2775
28 2776
28 2777
28 2778
28 2779
28 2780
28 2781
28 2782
28 2783
28 2784
28 2785
28 2786
28 2787
28 2788
28 2789
28 2790
28 2791
28 2792
28 2793
28 2794
28 2795
28 2796
28 2797
28 2798
28 2799
28 2800
28 2801
29 2802
29 2803
29 2804
29 2805
29 2806
29 2807
29 2808
29 2809
29 2810
29 2811
29 2812
29 2813
29 2814
29 2815
29 2816
29 2817
29 2818
29 2819
29 2820
29 2821
29 2822
29 2823
29 2824
29 2825
29 2826
29 2827
29 2828
29 2829
29 2830
29 2831
29 2832
29 2833
29 2834
29 2835
29 2836
29 2837
29 2838
29 2839
29 2840
29 2841
29 2842
29 2843
29 2844
29 2845
29 2846
29 2847
29 2848
29 2849
29 2850
29 2851
29 2852
29 2853
29 2854
29 2855
29 2856
29 2857
29 2858
29 2859
29 2860
29 2861
29 2862
29 2863
29 2864
29 2865
29 2866
29 2867
29 2868
29 2869
29 2870
29 2871
29 2872
29 2873
29 2874
29 2875
29 2876
29 2877
29 2878
29 2879
29 2880
29 2881
29 2882
29 2883
29 2884
29 2885
29 2886
29 2887
29 2888
29 2889
29 2890
29 2891
29 2892
29 2893
29 2894
29 2895
29 2896
29 2897
29 2898
29 2899
29 2900
29 2901
30 2902
30 2903
30 2904
30 2905
30 2906
30 2907
30 2908
30 2909
30 2910
30 2911
30 2912
30 2913
30 2914
30 2915
30 2916
30 2917
30 2918
30 2919
30 2920
30 2921
30 2922
30 2923
30 2924
30 2925
30 2926
30 2927
30 2928
30 2929
30 2930
30 2931
30 2932
30 2933
30 2934
30 2935
30 2936
30 2937
30 2938
30 2939
30 2940
30 2941
30 2942
30 2943
30 2944
30 2945
30 2946
30 2947
30 2948
30 2949
30 2950
30 2951
30 2952
30 2953
30 2954
30 2955
30 2956
30 2957
30 2958
30 2959
30 2960
30 2961
30 2962
30 2963
30 2964
30 2965
30 2966
30 2967
30 2968
30 2969
30 2970
30 2971
30 2972
30 2973
30 2974
30 2975
30 2976
30 2977
30 2978
30 2979
30 2980
30 2981
30 2982
30 2983
30 2984
30 2985
30 2986
30 2987
30 2988
30 2989
30 2990
30 2991
30 2992
30 2993
30 2994
30 2995
30 2996
30 2997
30 2998
30 2999
30 3000
30 3001
31 3002
31 3003
31 3004
31 3005
31 3006
31 3007
31 3008
31 3009
31 3010
31 3011
31 3012
31 3013
31 3014
31 3015
31 3016
31 3017
31 3018
31 3019
31 3020
31 3021
31 3022
31 3023
31 3024
31 3025
31 3026
31 3027
31 3028
31 3029
31 3030
31 3031
31 3032
31 3033
31 3034
31 3035
31 3036
31 3037
31 3038
31 3039
31 3040
31 3041
31 3042
31 3043
31 3044
31 3045
31 3046
31 3047
31 3048
31 3049
31 3050
31 3051
31 3052
31 3053
31 3054
31 3055
31 3056
31 3057
31 3058
31 3059
31 3060
31 3061
31 3062
31 3063
31 3064
31 3065
31 3066
31 3067
31 3068
31 3069
31 3070
31 3071
31 3072
31 3073
31 3074
31 3075
31 3076
31 3077
31 3078
31 3079
31 3080
31 3081
31 3082
31 3083
31 3084
31 3085
31 3086
31 3087
31 3088
31 3089
31 3090
31 3091
31 3092
31 3093
31 3094
31 3095
31 3096
31 3097
31 3098
31 3099
31 3100
31 3101
32 3102
32 3103
32 3104
32 3105
32 3106
32 3107
32 3108
32 3109
32 3110
32 3111
32 3112
32 3113
32 3114
32 3115
32 3116
32 3117
32 3118
32 3119
32 3120
32 3121
32 3122
32 3123
32 3124
32 3125
32 3126
32 3127
32 3128
32 3129
32 3130
32 3131
32 3132
32 3133
32 3134
32 3135
32 3136
32 3137
32 3138
32 3139
32 3140
32 3141
32 3142
32 3143
32 3144
32 3145
32 3146
32 3147
32 3148
32 3149
32 3150
32 3151
32 3152
32 3153
32 3154
32 3155
32 3156
32 3157
32 3158
32 3159
32 3160
32 3161
32 3162
32 3163
32 3164
32 3165
32 3166
32 3167
32 3168
32 3169
32 3170
32 3171
32 3172
32 3173
32 3174
32 3175
32 3176
32 3177
32 3178
32 3179
32 3180
32 3181
32 3182
32 3183
32 3184
32 3185
32 3186
32 3187
32 3188
32 3189
32 3190
32 3191
32 3192
32 3193
32 3194
32 3195
32 3196
32 3197
32 3198
32 3199
32 3200
32 3201
33 3202
33 3203
33 3204
33 3205
33 3206
33 3207
33 3208
33 3209
33 3210
33 3211
33 3212
33 3213
33 3214
33 3215
33 3216
33 3217
33 3218
33 3219
33 3220
33 3221
33 3222
33 3223
33 3224
33 3225
33 3226
33 3227
33 3228
33 3229
33 3230
33 3231
33 3232
33 3233
33 3234
33 3235
33 3236
33 3237
33 3238
33 3239
33 3240
33 3241
33 3242
33 3243
33 3244
33 3245
33 3246
33 3247
33 3248
33 3249
33 3250
33 3251
33 3252
33 3253
33 3254
33 3255
33 3256
33 3257
33 3258
33 3259
33 3260
33 3261
33 3262
33 3263
33 3264
33 3265
33 3266
33 3267
33 3268
33 3269
33 3270
33 3271
33 3272
33 3273
33 3274
33 3275
33 3276
33 3277
33 3278
33 3279
33 3280
33 3281
33 3282
33 3283
33 3284
33 3285
33 3286
33 3287
33 3288
33 3289
33 3290
33 3291
33 3292
33 3293
33 3294
33 3295
33 3296
33 3297
33 3298
33 3299
33 3300
33 3301
34 3302
34 3303
34 3304
34 3305
34 3306
34 3307
34 3308
34 3309
34 3310
34 3311
34 3312
34 3313
34 3314
34 3315
34 3316
34 3317
34 3318
34 3319
34 3320
34 3321
34 3322
34 3323
34 3324
34 3325
34 3326
34 3327
34 3328
34 3329
34 3330
34 3331
34 3332
34 3333
34 3334
34 3335
34 3336
34 3337
34 3338
34 3339
34 3340
34 3341
34 3342
34 3343
34 3344
34 3345
34 3346
34 3347
34 3348
34 3349
34 3350
34 3351
34 3352
34 3353
34 3354
34 3355
34 3356
34 3357
34 3358
34 3359
34 3360
34 3361
34 3362
34 3363
34 3364
34 3365
34 3366
34 3367
34 3368
34 3369
34 3370
34 3371
34 3372
34 3373
34 3374
34 3375
34 3376
34 3377
34 3378
34 3379
34 3380
34 3381
34 3382
34 3383
34 3384
34 3385
34 3386
34 3387
34 3388
34 3389
34 3390
34 3391
34 3392
34 3393
34 3394
34 3395
34 3396
34 3397
34 3398
34 3399
34 3400
34 3401
35 3402
35 3403
35 3404
35 3405
35 3406
35 3407
35 3408
35 3409
35 3410
35 3411
35 3412
35 3413
35 3414
35 3415
35 3416
35 3417
35 3418
35 3419
35 3420
35 3421
35 3422
35 3423
35 3424
35 3425
35 3426
35 3427
35 3428
35 3429
35 3430
35 3431
35 3432
35 3433
35 3434
35 3435
35 3436
35 3437
35 3438
35 3439
35 3440
35 3441
35 3442
35 3443
35 3444
35 3445
35 3446
35 3447
35 3448
35 3449
35 3450
35 3451
35 3452
35 3453
35 3454
35 3455
35 3456
35 3457
35 3458
35 3459
35 3460
35 3461
35 3462
35 3463
35 3464
35 3465
35 3466
35 3467
35 3468
35 3469
35 3470
35 3471
35 3472
35 3473
35 3474
35 3475
35 3476
35 3477
35 3478
35 3479
35 3480
35 3481
35 3482
35 3483
35 3484
35 3485
35 3486
35 3487
35 3488
35 3489
35 3490
35 3491
35 3492
35 3493
35 3494
35 3495
35 3496
35 3497
35 3498
35 3499
35 3500
35 3501
36 3502
36 3503
36 3504
36 3505
36 3506
36 3507
36 3508
36 3509
36 3510
36 3511
36 3512
36 3513
36 3514
36 3515
36 3516
36 3517
36 3518
36 3519
36 3520
36 3521
36 3522
36 3523
36 3524
36 3525
36 3526
36 3527
36 3528
36 3529
36 3530
36 3531
36 3532
36 3533
36 3534
36 3535
36 3536
36 3537
36 3538
36 3539
36 3540
36 3541
36 3542
36 3543
36 3544
36 3545
36 3546
36 3547
36 3548
36 3549
36 3550
36 3551
36 3552
36 3553
36 3554
36 3555
36 3556
36 3557
36 3558
36 3559
36 3560
36 3561
36 3562
36 3563
36 3564
36 3565
36 3566
36 3567
36 3568
36 3569
36 3570
36 3571
36 3572
36 3573
36 3574
36 3575
36 3576
36 3577
36 3578
36 3579
36 3580
36 3581
36 3582
36 3583
36 3584
36 3585
36 3586
36 3587
36 3588
36 3589
36 3590
36 3591
36 3592
36 3593
36 3594
36 3595
36 3596
36 3597
36 3598
36 3599
36 3600
36 3601
37 3602
37 3603
37 3604
37 3605
37 3606
37 3607
37 3608
37 3609
37 3610
37 3611
37 3612
37 3613
37 3614
37 3615
37 3616
37 3617
37 3618
37 3619
37 3620
37 3621
37 3622
37 3623
37 3624
37 3625
37 3626
37 3627
37 3628
37 3629
37 3630
37 3631
37 3632
37 3633
37 3634
37 3635
37 3636
37 3637
37 3638
37 3639
37 3640
37 3641
37 3642
37 3643
37 3644
37 3645
37 3646
37 3647
37 3648
37 3649
37 3650
37 3651
37 3652
37 3653
37 3654
37 3655
37 3656
37 3657
37 3658
37 3659
37 3660
37 3661
37 3662
37 3663
37 3664
37 3665
37 3666
37 3667
37 3668
37 3669
37 3670
37 3671
37 3672
37 3673
37 3674
37 3675
37 3676
37 3677
37 3678
37 3679
37 3680
37 3681
37 3682
37 3683
37 3684
37 3685
37 3686
37 3687
37 3688
37 3689
37 3690
37 3691
37 3692
37 3693
37 3694
37 3695
37 3696
37 3697
37 3698
37 3699
37 3700
37 3701
38 3702
38 3703
38 3704
38 3705
38 3706
38 3707
38 3708
38 3709
38 3710
38 3711
38 3712
38 3713
38 3714
38 3715
38 3716
38 3717
38 3718
38 3719
38 3720
38 3721
38 3722
38 3723
38 3724
38 3725
38 3726
38 3727
38 3728
38 3729
38 3730
38 3731
38 3732
38 3733
38 3734
38 3735
38 3736
38 3737
38 3738
38 3739
38 3740
38 3741
38 3742
38 3743
38 3744
38 3745
38 3746
38 3747
38 3748
38 3749
38 3750
38 3751
38 3752
38 3753
38 3754
38 3755
38 3756
38 3757
38 3758
38 3759
38 3760
38 3761
38 3762
38 3763
38 3764
38 3765
38 3766
38 3767
38 3768
38 3769
38 3770
38 3771
38 3772
38 3773
38 3774
38 3775
38 3776
38 3777
38 3778
38 3779
38 3780
38 3781
38 3782
38 3783
38 3784
38 3785
38 3786
38 3787
38 3788
38 3789
38 3790
38 3791
38 3792
38 3793
38 3794
38 3795
38 3796
38 3797
38 3798
38 3799
38 3800
38 3801
39 3802
39 3803
39 3804
39 3805
39 3806
39 3807
39 3808
39 3809
39 3810
39 3811
39 3812
39 3813
39 3814
39 3815
39 3816
39 3817
39 3818
39 3819
39 3820
39 3821
39 3822
39 3823
39 3824
39 3825
39 3826
39 3827
39 3828
39 3829
39 3830
39 3831
39 3832
39 3833
39 3834
39 3835
39 3836
39 3837
39 3838
39 3839
39 3840
39 3841
39 3842
39 3843
39 3844
39 3845
39 3846
39 3847
39 3848
39 3849
39 3850
39 3851
39 3852
39 3853
39 3854
39 3855
39 3856
39 3857
39 3858
39 3859
39 3860
39 3861
39 3862
39 3863
39 3864
39 3865
39 3866
39 3867
39 3868
39 3869
39 3870
39 3871
39 3872
39 3873
39 3874
39 3875
39 3876
39 3877
39 3878
39 3879
39 3880
39 3881
39 3882
39 3883
39 3884
39 3885
39 3886
39 3887
39 3888
39 3889
39 3890
39 3891
39 3892
39 3893
39 3894
39 3895
39 3896
39 3897
39 3898
39 3899
39 3900
39 3901
40 3902
40 3903
40 3904
40 3905
40 3906
40 3907
40 3908
40 3909
40 3910
40 3911
40 3912
40 3913
40 3914
40 3915
40 3916
40 3917
40 3918
40 3919
40 3920
40 3921
40 3922
40 3923
40 3924
40 3925
40 3926
40 3927
40 3928
40 3929
40 3930
40 3931
40 3932
40 3933
40 3934
40 3935
40 3936
40 3937
40 3938
40 3939
40 3940
40 3941
40 3942
40 3943
40 3944
40 3945
40 3946
40 3947
40 3948
40 3949
40 3950
40 3951
40 3952
40 3953
40 3954
40 3955
40 3956
40 3957
40 3958
40 3959
40 3960
40 3961
40 3962
40 3963
40 3964
40 3965
40 3966
40 3967
40 3968
40 3969
40 3970
40 3971
40 3972
40 3973
40 3974
40 3975
40 3976
40 3977
40 3978
40 3979
40 3980
40 3981
40 3982
40 3983
40 3984
40 3985
40 3986
40 3987
40 3988
40 3989
40 3990
40 3991
40 3992
40 3993
40 3994
40 3995
40 3996
40 3997
40 3998
40 3999
40 4000
40 4001
41 4002
41 4003
41 4004
41 4005
41 4006
41 4007
41 4008
41 4009
41 4010
41 4011
41 4012
41 4013
41 4014
41 4015
41 4016
41 4017
41 4018
41 4019
41 4020
41 4021
41 4022
41 4023
41 4024
41 4025
41 4026
41 4027
41 4028
41 4029
41 4030
41 4031
41 4032
41 4033
41 4034
41 4035
41 4036
41 4037
41 4038
41 4039
41 4040
41 4041
41 4042
41 4043
41 4044
41 4045
41 4046
41 4047
41 4048
41 4049
41 4050
41 4051
41 4052
41 4053
41 4054
41 4055
41 4056
41 4057
41 4058
41 4059
41 4060
41 4061
41 4062
41 4063
41 4064
41 4065
41 4066
41 4067
41 4068
41 4069
41 4070
41 4071
41 4072
41 4073
41 4074
41 4075
41 4076
41 4077
41 4078
41 4079
41 4080
41 4081
41 4082
41 4083
41 4084
41 4085
41 4086
41 4087
41 4088
41 4089
41 4090
41 4091
41 4092
41 4093
41 4094
41 4095
41 4096
41 4097
41 4098
41 4099
41 4100
41 4101
42 4102
42 4103
42 4104
42 4105
42 4106
42 4107
42 4108
42 4109
42 4110
42 4111
42 4112
42 4113
42 4114
42 4115
42 4116
42 4117
42 4118
42 4119
42 4120
42 4121
42 4122
42 4123
42 4124
42 4125
42 4126
42 4127
42 4128
42 4129
42 4130
42 4131
42 4132
42 4133
42 4134
42 4135
42 4136
42 4137
42 4138
42 4139
42 4140
42 4141
42 4142
42 4143
42 4144
42 4145
42 4146
42 4147
42 4148
42 4149
42 4150
42 4151
42 4152
42 4153
42 4154
42 4155
42 4156
42 4157
42 4158
42 4159
42 4160
42 4161
42 4162
42 4163
42 4164
42 4165
42 4166
42 4167
42 4168
42 4169
42 4170
42 4171
42 4172
42 4173
42 4174
42 4175
42 4176
42 4177
42 4178
42 4179
42 4180
42 4181
42 4182
42 4183
42 4184
42 4185
42 4186
42 4187
42 4188
42 4189
42 4190
42 4191
42 4192
42 4193
42 4194
42 4195
42 4196
42 4197
42 4198
42 4199
42 4200
42 4201
43 4202
43 4203
43 4204
43 4205
43 4206
43 4207
43 4208
43 4209
43 4210
43 4211
43 4212
43 4213
43 4214
43 4215
43 4216
43 4217
43 4218
43 4219
43 4220
43 4221
43 4222
43 4223
43 4224
43 4225
43 4226
43 4227
43 4228
43 4229
43 4230
43 4231
43 4232
43 4233
43 4234
43 4235
43 4236
43 4237
43 4238
43 4239
43 4240
43 4241
43 4242
43 4243
43 4244
43 4245
43 4246
43 4247
43 4248
43 4249
43 4250
43 4251
43 4252
43 4253
43 4254
43 4255
43 4256
43 4257
43 4258
43 4259
43 4260
43 4261
43 4262
43 4263
43 4264
43 4265
43 4266
43 4267
43 4268
43 4269
43 4270
43 4271
43 4272
43 4273
43 4274
43 4275
43 4276
43 4277
43 4278
43 4279
43 4280
43 4281
43 4282
43 4283
43 4284
43 4285
43 4286
43 4287
43 4288
43 4289
43 4290
43 4291
43 4292
43 4293
43 4294
43 4295
43 4296
43 4297
43 4298
43 4299
43 4300
43 4301
44 4302
44 4303
44 4304
44 4305
44 4306
44 4307
44 4308
44 4309
44 4310
44 4311
44 4312
44 4313
44 4314
44 4315
44 4316
44 4317
44 4318
44 4319
44 4320
44 4321
44 4322
44 4323
44 4324
44 4325
44 4326
44 4327
44 4328
44 4329
44 4330
44 4331
44 4332
44 4333
44 4334
44 4335
44 4336
44 4337
44 4338
44 4339
44 4340
44 4341
44 4342
44 4343
44 4344
44 4345
44 4346
44 4347
44 4348
44 4349
44 4350
44 4351
44 4352
44 4353
44 4354
44 4355
44 4356
44 4357
44 4358
44 4359
44 4360
44 4361
44 4362
44 4363
44 4364
44 4365
44 4366
44 4367
44 4368
44 4369
44 4370
44 4371
44 4372
44 4373
44 4374
44 4375
44 4376
44 4377
44 4378
44 4379
44 4380
44 4381
44 4382
44 4383
44 4384
44 4385
44 4386
44 4387
44 4388
44 4389
44 4390
44 4391
44 4392
44 4393
44 4394
44 4395
44 4396
44 4397
44 4398
44 4399
44 4400
44 4401
45 4402
45 4403
45 4404
45 4405
45 4406
45 4407
45 4408
45 4409
45 4410
45 4411
45 4412
45 4413
45 4414
45 4415
45 4416
45 4417
45 4418
45 4419
45 4420
45 4421
45 4422
45 4423
45 4424
45 4425
45 4426
45 4427
45 4428
45 4429
45 4430
45 4431
45 4432
45 4433
45 4434
45 4435
45 4436
45 4437
45 4438
45 4439
45 4440
45 4441
45 4442
45 4443
45 4444
45 4445
45 4446
45 4447
45 4448
45 4449
45 4450
45 4451
45 4452
45 4453
45 4454
45 4455
45 4456
45 4457
45 4458
45 4459
45 4460
45 4461
45 4462
45 4463
45 4464
45 4465
45 4466
45 4467
45 4468
45 4469
45 4470
45 4471
45 4472
45 4473
45 4474
45 4475
45 4476
45 4477
45 4478
45 4479
45 4480
45 4481
45 4482
45 4483
45 4484
45 4485
45 4486
45 4487
45 4488
45 4489
45 4490
45 4491
45 4492
45 4493
45 4494
45 4495
45 4496
45 4497
45 4498
45 4499
45 4500
45 4501
46 4502
46 4503
46 4504
46 4505
46 4506
46 4507
46 4508
46 4509
46 4510
46 4511
46 4512
46 4513
46 4514
46 4515
46 4516
46 4517
46 4518
46 4519
46 4520
46 4521
46 4522
46 4523
46 4524
46 4525
46 4526
46 4527
46 4528
46 4529
46 4530
46 4531
46 4532
46 4533
46 4534
46 4535
46 4536
46 4537
46 4538
46 4539
46 4540
46 4541
46 4542
46 4543
46 4544
46 4545
46 4546
46 4547
46 4548
46 4549
46 4550
46 4551
46 4552
46 4553
46 4554
46 4555
46 4556
46 4557
46 4558
46 4559
46 4560
46 4561
46 4562
46 4563
46 4564
46 4565
46 4566
46 4567
46 4568
46 4569
46 4570
46 4571
46 4572
46 4573
46 4574
46 4575
46 4576
46 4577
46 4578
46 4579
46 4580
46 4581
46 4582
46 4583
46 4584
46 4585
46 4586
46 4587
46 4588
46 4589
46 4590
46 4591
46 4592
46 4593
46 4594
46 4595
46 4596
46 4597
46 4598
46 4599
46 4600
46 4601
47 4602
47 4603
47 4604
47 4605
47 4606
47 4607
47 4608
47 4609
47 4610
47 4611
47 4612
47 4613
47 4614
47 4615
47 4616
47 4617
47 4618
47 4619
47 4620
47 4621
47 4622
47 4623
47 4624
47 4625
47 4626
47 4627
47 4628
47 4629
47 4630
47 4631
47 4632
47 4633
47 4634
47 4635
47 4636
47 4637
47 4638
47 4639
47 4640
47 4641
47 4642
47 4643
47 4644
47 4645
47 4646
47 4647
47 4648
47 4649
47 4650
47 4651
47 4652
47 4653
47 4654
47 4655
47 4656
47 4657
47 4658
47 4659
47 4660
47 4661
47 4662
47 4663
47 4664
47 4665
47 4666
47 4667
47 4668
47 4669
47 4670
47 4671
47 4672
47 4673
47 4674
47 4675
47 4676
47 4677
47 4678
47 4679
47 4680
47 4681
47 4682
47 4683
47 4684
47 4685
47 4686
47 4687
47 4688
47 4689
47 4690
47 4691
47 4692
47 4693
47 4694
47 4695
47 4696
47 4697
47 4698
47 4699
47 4700
47 4701
48 4702
48 4703
48 4704
48 4705
48 4706
48 4707
48 4708
48 4709
48 4710
48 4711
48 4712
48 4713
48 4714
48 4715
48 4716
48 4717
48 4718
48 4719
48 4720
48 4721
48 4722
48 4723
48 4724
48 4725
48 4726
48 4727
48 4728
48 4729
48 4730
48 4731
48 4732
48 4733
48 4734
48 4735
48 4736
48 4737
48 4738
48 4739
48 4740
48 4741
48 4742
48 4743
48 4744
48 4745
48 4746
48 4747
48 4748
48 4749
48 4750
48 4751
48 4752
48 4753
48 4754
48 4755
48 4756
48 4757
48 4758
48 4759
48 4760
48 4761
48 4762
48 4763
48 4764
48 4765
48 4766
48 4767
48 4768
48 4769
48 4770
48 4771
48 4772
48 4773
48 4774
48 4775
48 4776
48 4777
48 4778
48 4779
48 4780
48 4781
48 4782
48 4783
48 4784
48 4785
48 4786
48 4787
48 4788
48 4789
48 4790
48 4791
48 4792
48 4793
48 4794
48 4795
48 4796
48 4797
48 4798
48 4799
48 4800
48 4801
49 4802
49 4803
49 4804
49 4805
49 4806
49 4807
49 4808
49 4809
49 4810
49 4811
49 4812
49 4813
49 4814
49 4815
49 4816
49 4817
49 4818
49 4819
49 4820
49 4821
49 4822
49 4823
49 4824
49 4825
49 4826
49 4827
49 4828
49 4829
49 4830
49 4831
49 4832
49 4833
49 4834
49 4835
49 4836
49 4837
49 4838
49 4839
49 4840
49 4841
49 4842
49 4843
49 4844
49 4845
49 4846
49 4847
49 4848
49 4849
49 4850
49 4851
49 4852
49 4853
49 4854
49 4855
49 4856
49 4857
49 4858
49 4859
49 4860
49 4861
49 4862
49 4863
49 4864
49 4865
49 4866
49 4867
49 4868
49 4869
49 4870
49 4871
49 4872
49 4873
49 4874
49 4875
49 4876
49 4877
49 4878
49 4879
49 4880
49 4881
49 4882
49 4883
49 4884
49 4885
49 4886
49 4887
49 4888
49 4889
49 4890
49 4891
49 4892
49 4893
49 4894
49 4895
49 4896
49 4897
49 4898
49 4899
49 4900
49 4901
50 4902
50 4903
50 4904
50 4905
50 4906
50 4907
50 4908
50 4909
50 4910
50 4911
50 4912
50 4913
50 4914
50 4915
50 4916
50 4917
50 4918
50 4919
50 4920
50 4921
50 4922
50 4923
50 4924
50 4925
50 4926
50 4927
50 4928
50 4929
50 4930
50 4931
50 4932
50 4933
50 4934
50 4935
50 4936
50 4937
50 4938
50 4939
50 4940
50 4941
50 4942
50 4943
50 4944
50 4945
50 4946
50 4947
50 4948
50 4949
50 4950
50 4951
50 4952
50 4953
50 4954
50 4955
50 4956
50 4957
50 4958
50 4959
50 4960
50 4961
50 4962
50 4963
50 4964
50 4965
50 4966
50 4967
50 4968
50 4969
50 4970
50 4971
50 4972
50 4973
50 4974
50 4975
50 4976
50 4977
50 4978
50 4979
50 4980
50 4981
50 4982
50 4983
50 4984
50 4985
50 4986
50 4987
50 4988
50 4989
50 4990
50 4991
50 4992
50 4993
50 4994
50 4995
50 4996
50 4997
50 4998
50 4999
50 5000
50 5001
51 5002
51 5003
51 5004
51 5005
51 5006
51 5007
51 5008
51 5009
51 5010
51 5011
51 5012
51 5013
51 5014
51 5015
51 5016
51 5017
51 5018
51 5019
51 5020
51 5021
51 5022
51 5023
51 5024
51 5025
51 5026
51 5027
51 5028
51 5029
51 5030
51 5031
51 5032
51 5033
51 5034
51 5035
51 5036
51 5037
51 5038
51 5039
51 5040
51 5041
51 5042
51 5043
51 5044
51 5045
51 5046
51 5047
51 5048
51 5049
51 5050
51 5051
51 5052
51 5053
51 5054
51 5055
51 5056
51 5057
51 5058
51 5059
51 5060
51 5061
51 5062
51 5063
51 5064
51 5065
51 5066
51 5067
51 5068
51 5069
51 5070
51 5071
51 5072
51 5073
51 5074
51 5075
51 5076
51 5077
51 5078
51 5079
51 5080
51 5081
51 5082
51 5083
51 5084
51 5085
51 5086
51 5087
51 5088
51 5089
51 5090
51 5091
51 5092
51 5093
51 5094
51 5095
51 5096
51 5097
51 5098
51 5099
51 5100
51 5101
52 5102
52 5103
52 5104
52 5105
52 5106
52 5107
52 5108
52 5109
52 5110
52 5111
52 5112
52 5113
52 5114
52 5115
52 5116
52 5117
52 5118
52 5119
52 5120
52 5121
52 5122
52 5123
52 5124
52 5125
52 5126
52 5127
52 5128
52 5129
52 5130
52 5131
52 5132
52 5133
52 5134
52 5135
52 5136
52 5137
52 5138
52 5139
52 5140
52 5141
52 5142
52 5143
52 5144
52 5145
52 5146
52 5147
52 5148
52 5149
52 5150
52 5151
52 5152
52 5153
52 5154
52 5155
52 5156
52 5157
52 5158
52 5159
52 5160
52 5161
52 5162
52 5163
52 5164
52 5165
52 5166
52 5167
52 5168
52 5169
52 5170
52 5171
52 5172
52 5173
52 5174
52 5175
52 5176
52 5177
52 5178
52 5179
52 5180
52 5181
52 5182
52 5183
52 5184
52 5185
52 5186
52 5187
52 5188
52 5189
52 5190
52 5191
52 5192
52 5193
52 5194
52 5195
52 5196
52 5197
52 5198
52 5199
52 5200
52 5201
53 5202
53 5203
53 5204
53 5205
53 5206
53 5207
53 5208
53 5209
53 5210
53 5211
53 5212
53 5213
53 5214
53 5215
53 5216
53 5217
53 5218
53 5219
53 5220
53 5221
53 5222
53 5223
53 5224
53 5225
53 5226
53 5227
53 5228
53 5229
53 5230
53 5231
53 5232
53 5233
53 5234
53 5235
53 5236
53 5237
53 5238
53 5239
53 5240
53 5241
53 5242
53 5243
53 5244
53 5245
53 5246
53 5247
53 5248
53 5249
53 5250
53 5251
53 5252
53 5253
53 5254
53 5255
53 5256
53 5257
53 5258
53 5259
53 5260
53 5261
53 5262
53 5263
53 5264
53 5265
53 5266
53 5267
53 5268
53 5269
53 5270
53 5271
53 5272
53 5273
53 5274
53 5275
53 5276
53 5277
53 5278
53 5279
53 5280
53 5281
53 5282
53 5283
53 5284
53 5285
53 5286
53 5287
53 5288
53 5289
53 5290
53 5291
53 5292
53 5293
53 5294
53 5295
53 5296
53 5297
53 5298
53 5299
53 5300
53 5301
54 5302
54 5303
54 5304
54 5305
54 5306
54 5307
54 5308
54 5309
54 5310
54 5311
54 5312
54 5313
54 5314
54 5315
54 5316
54 5317
54 5318
54 5319
54 5320
54 5321
54 5322
54 5323
54 5324
54 5325
54 5326
54 5327
54 5328
54 5329
54 5330
54 5331
54 5332
54 5333
54 5334
54 5335
54 5336
54 5337
54 5338
54 5339
54 5340
54 5341
54 5342
54 5343
54 5344
54 5345
54 5346
54 5347
54 5348
54 5349
54 5350
54 5351
54 5352
54 5353
54 5354
54 5355
54 5356
54 5357
54 5358
54 5359
54 5360
54 5361
54 5362
54 5363
54 5364
54 5365
54 5366
54 5367
54 5368
54 5369
54 5370
54 5371
54 5372
54 5373
54 5374
54 5375
54 5376
54 5377
54 5378
54 5379
54 5380
54 5381
54 5382
54 5383
54 5384
54 5385
54 5386
54 5387
54 5388
54 5389
54 5390
54 5391
54 5392
54 5393
54 5394
54 5395
54 5396
54 5397
54 5398
54 5399
54 5400
54 5401
55 5402
55 5403
55 5404
55 5405
55 5406
55 5407
55 5408
55 5409
55 5410
55 5411
55 5412
55 5413
55 5414
55 5415
55 5416
55 5417
55 5418
55 5419
55 5420
55 5421
55 5422
55 5423
55 5424
55 5425
55 5426
55 5427
55 5428
55 5429
55 5430
55 5431
55 5432
55 5433
55 5434
55 5435
55 5436
55 5437
55 5438
55 5439
55 5440
55 5441
55 5442
55 5443
55 5444
55 5445
55 5446
55 5447
55 5448
55 5449
55 5450
55 5451
55 5452
55 5453
55 5454
55 5455
55 5456
55 5457
55 5458
55 5459
55 5460
55 5461
55 5462
55 5463
55 5464
55 5465
55 5466
55 5467
55 5468
55 5469
55 5470
55 5471
55 5472
55 5473
55 5474
55 5475
55 5476
55 5477
55 5478
55 5479
55 5480
55 5481
55 5482
55 5483
55 5484
55 5485
55 5486
55 5487
55 5488
55 5489
55 5490
55 5491
55 5492
55 5493
55 5494
55 5495
55 5496
55 5497
55 5498
55 5499
55 5500
55 5501
56 5502
56 5503
56 5504
56 5505
56 5506
56 5507
56 5508
56 5509
56 5510
56 5511
56 5512
56 5513
56 5514
56 5515
56 5516
56 5517
56 5518
56 5519
56 5520
56 5521
56 5522
56 5523
56 5524
56 5525
56 5526
56 5527
56 5528
56 5529
56 5530
56 5531
56 5532
56 5533
56 5534
56 5535
56 5536
56 5537
56 5538
56 5539
56 5540
56 5541
56 5542
56 5543
56 5544
56 5545
56 5546
56 5547
56 5548
56 5549
56 5550
56 5551
56 5552
56 5553
56 5554
56 5555
56 5556
56 5557
56 5558
56 5559
56 5560
56 5561
56 5562
56 5563
56 5564
56 5565
56 5566
56 5567
56 5568
56 5569
56 5570
56 5571
56 5572
56 5573
56 5574
56 5575
56 5576
56 5577
56 5578
56 5579
56 5580
56 5581
56 5582
56 5583
56 5584
56 5585
56 5586
56 5587
56 5588
56 5589
56 5590
56 5591
56 5592
56 5593
56 5594
56 5595
56 5596
56 5597
56 5598
56 5599
56 5600
56 5601
57 5602
57 5603
57 5604
57 5605
57 5606
57 5607
57 5608
57 5609
57 5610
57 5611
57 5612
57 5613
57 5614
57 5615
57 5616
57 5617
57 5618
57 5619
57 5620
57 5621
57 5622
57 5623
57 5624
57 5625
57 5626
57 5627
57 5628
57 5629
57 5630
57 5631
57 5632
57 5633
57 5634
57 5635
57 5636
57 5637
57 5638
57 5639
57 5640
57 5641
57 5642
57 5643
57 5644
57 5645
57 5646
57 5647
57 5648
57 5649
57 5650
57 5651
57 5652
57 5653
57 5654
57 5655
57 5656
57 5657
57 5658
57 5659
57 5660
57 5661
57 5662
57 5663
57 5664
57 5665
57 5666
57 5667
57 5668
57 5669
57 5670
57 5671
57 5672
57 5673
57 5674
57 5675
57 5676
57 5677
57 5678
57 5679
57 5680
57 5681
57 5682
57 5683
57 5684
57 5685
57 5686
57 5687
57 5688
57 5689
57 5690
57 5691
57 5692
57 5693
57 5694
57 5695
57 5696
57 5697
57 5698
57 5699
57 5700
57 5701
58 5702
58 5703
58 5704
58 5705
58 5706
58 5707
58 5708
58 5709
58 5710
58 5711
58 5712
58 5713
58 5714
58 5715
58 5716
58 5717
58 5718
58 5719
58 5720
58 5721
58 5722
58 5723
58 5724
58 5725
58 5726
58 5727
58 5728
58 5729
58 5730
58 5731
58 5732
58 5733
58 5734
58 5735
58 5736
58 5737
58 5738
58 5739
58 5740
58 5741
58 5742
58 5743
58 5744
58 5745
58 5746
58 5747
58 5748
58 5749
58 5750
58 5751
58 5752
58 5753
58 5754
58 5755
58 5756
58 5757
58 5758
58 5759
58 5760
58 5761
58 5762
58 5763
58 5764
58 5765
58 5766
58 5767
58 5768
58 5769
58 5770
58 5771
58 5772
58 5773
58 5774
58 5775
58 5776
58 5777
58 5778
58 5779
58 5780
58 5781
58 5782
58 5783
58 5784
58 5785
58 5786
58 5787
58 5788
58 5789
58 5790
58 5791
58 5792
58 5793
58 5794
58 5795
58 5796
58 5797
58 5798
58 5799
58 5800
58 5801
59 5802
59 5803
59 5804
59 5805
59 5806
59 5807
59 5808
59 5809
59 5810
59 5811
59 5812
59 5813
59 5814
59 5815
59 5816
59 5817
59 5818
59 5819
59 5820
59 5821
59 5822
59 5823
59 5824
59 5825
59 5826
59 5827
59 5828
59 5829
59 5830
59 5831
59 5832
59 5833
59 5834
59 5835
59 5836
59 5837
59 5838
59 5839
59 5840
59 5841
59 5842
59 5843
59 5844
59 5845
59 5846
59 5847
59 5848
59 5849
59 5850
59 5851
59 5852
59 5853
59 5854
59 5855
59 5856
59 5857
59 5858
59 5859
59 5860
59 5861
59 5862
59 5863
59 5864
59 5865
59 5866
59 5867
59 5868
59 5869
59 5870
59 5871
59 5872
59 5873
59 5874
59 5875
59 5876
59 5877
59 5878
59 5879
59 5880
59 5881
59 5882
59 5883
59 5884
59 5885
59 5886
59 5887
59 5888
59 5889
59 5890
59 5891
59 5892
59 5893
59 5894
59 5895
59 5896
59 5897
59 5898
59 5899
59 5900
59 5901
60 5902
60 5903
60 5904
60 5905
60 5906
60 5907
60 5908
60 5909
60 5910
60 5911
60 5912
60 5913
60 5914
60 5915
60 5916
60 5917
60 5918
60 5919
60 5920
60 5921
60 5922
60 5923
60 5924
60 5925
60 5926
60 5927
60 5928
60 5929
60 5930
60 5931
60 5932
60 5933
60 5934
60 5935
60 5936
60 5937
60 5938
60 5939
60 5940
60 5941
60 5942
60 5943
60 5944
60 5945
60 5946
60 5947
60 5948
60 5949
60 5950
60 5951
60 5952
60 5953
60 5954
60 5955
60 5956
60 5957
60 5958
60 5959
60 5960
60 5961
60 5962
60 5963
60 5964
60 5965
60 5966
60 5967
60 5968
60 5969
60 5970
60 5971
60 5972
60 5973
60 5974
60 5975
60 5976
60 5977
60 5978
60 5979
60 5980
60 5981
60 5982
60 5983
60 5984
60 5985
60 5986
60 5987
60 5988
60 5989
60 5990
60 5991
60 5992
60 5993
60 5994
60 5995
60 5996
60 5997
60 5998
60 5999
60 6000
60 6001
61 6002
61 6003
61 6004
61 6005
61 6006
61 6007
61 6008
61 6009
61 6010
61 6011
61 6012
61 6013
61 6014
61 6015
61 6016
61 6017
61 6018
61 6019
61 6020
61 6021
61 6022
61 6023
61 6024
61 6025
61 6026
61 6027
61 6028
61 6029
61 6030
61 6031
61 6032
61 6033
61 6034
61 6035
61 6036
61 6037
61 6038
61 6039
61 6040
61 6041
61 6042
61 6043
61 6044
61 6045
61 6046
61 6047
61 6048
61 6049
61 6050
61 6051
61 6052
61 6053
61 6054
61 6055
61 6056
61 6057
61 6058
61 6059
61 6060
61 6061
61 6062
61 6063
61 6064
61 6065
61 6066
61 6067
61 6068
61 6069
61 6070
61 6071
61 6072
61 6073
61 6074
61 6075
61 6076
61 6077
61 6078
61 6079
61 6080
61 6081
61 6082
61 6083
61 6084
61 6085
61 6086
61 6087
61 6088
61 6089
61 6090
61 6091
61 6092
61 6093
61 6094
61 6095
61 6096
61 6097
61 6098
61 6099
61 6100
61 6101
62 6102
62 6103
62 6104
62 6105
62 6106
62 6107
62 6108
62 6109
62 6110
62 6111
62 6112
62 6113
62 6114
62 6115
62 6116
62 6117
62 6118
62 6119
62 6120
62 6121
62 6122
62 6123
62 6124
62 6125
62 6126
62 6127
62 6128
62 6129
62 6130
62 6131
62 6132
62 6133
62 6134
62 6135
62 6136
62 6137
62 6138
62 6139
62 6140
62 6141
62 6142
62 6143
62 6144
62 6145
62 6146
62 6147
62 6148
62 6149
62 6150
62 6151
62 6152
62 6153
62 6154
62 6155
62 6156
62 6157
62 6158
62 6159
62 6160
62 6161
62 6162
62 6163
62 6164
62 6165
62 6166
62 6167
62 6168
62 6169
62 6170
62 6171
62 6172
62 6173
62 6174
62 6175
62 6176
62 6177
62 6178
62 6179
62 6180
62 6181
62 6182
62 6183
62 6184
62 6185
62 6186
62 6187
62 6188
62 6189
62 6190
62 6191
62 6192
62 6193
62 6194
62 6195
62 6196
62 6197
62 6198
62 6199
62 6200
62 6201
63 6202
63 6203
63 6204
63 6205
63 6206
63 6207
63 6208
63 6209
63 6210
63 6211
63 6212
63 6213
63 6214
63 6215
63 6216
63 6217
63 6218
63 6219
63 6220
63 6221
63 6222
63 6223
63 6224
63 6225
63 6226
63 6227
63 6228
63 6229
63 6230
63 6231
63 6232
63 6233
63 6234
63 6235
63 6236
63 6237
63 6238
63 6239
63 6240
63 6241
63 6242
63 6243
63 6244
63 6245
63 6246
63 6247
63 6248
63 6249
63 6250
63 6251
63 6252
63 6253
63 6254
63 6255
63 6256
63 6257
63 6258
63 6259
63 6260
63 6261
63 6262
63 6263
63 6264
63 6265
63 6266
63 6267
63 6268
63 6269
63 6270
63 6271
63 6272
63 6273
63 6274
63 6275
63 6276
63 6277
63 6278
63 6279
63 6280
63 6281
63 6282
63 6283
63 6284
63 6285
63 6286
63 6287
63 6288
63 6289
63 6290
63 6291
63 6292
63 6293
63 6294
63 6295
63 6296
63 6297
63 6298
63 6299
63 6300
63 6301
64 6302
64 6303
64 6304
64 6305
64 6306
64 6307
64 6308
64 6309
64 6310
64 6311
64 6312
64 6313
64 6314
64 6315
64 6316
64 6317
64 6318
64 6319
64 6320
64 6321
64 6322
64 6323
64 6324
64 6325
64 6326
64 6327
64 6328
64 6329
64 6330
64 6331
64 6332
64 6333
64 6334
64 6335
64 6336
64 6337
64 6338
64 6339
64 6340
64 6341
64 6342
64 6343
64 6344
64 6345
64 6346
64 6347
64 6348
64 6349
64 6350
64 6351
64 6352
64 6353
64 6354
64 6355
64 6356
64 6357
64 6358
64 6359
64 6360
64 6361
64 6362
64 6363
64 6364
64 6365
64 6366
64 6367
64 6368
64 6369
64 6370
64 6371
64 6372
64 6373
64 6374
64 6375
64 6376
64 6377
64 6378
64 6379
64 6380
64 6381
64 6382
64 6383
64 6384
64 6385
64 6386
64 6387
64 6388
64 6389
64 6390
64 6391
64 6392
64 6393
64 6394
64 6395
64 6396
64 6397
64 6398
64 6399
64 6400
64 6401
65 6402
65 6403
65 6404
65 6405
65 6406
65 6407
65 6408
65 6409
65 6410
65 6411
65 6412
65 6413
65 6414
65 6415
65 6416
65 6417
65 6418
65 6419
65 6420
65 6421
65 6422
65 6423
65 6424
65 6425
65 6426
65 6427
65 6428
65 6429
65 6430
65 6431
65 6432
65 6433
65 6434
65 6435
65 6436
65 6437
65 6438
65 6439
65 6440
65 6441
65 6442
65 6443
65 6444
65 6445
65 6446
65 6447
65 6448
65 6449
65 6450
65 6451
65 6452
65 6453
65 6454
65 6455
65 6456
65 6457
65 6458
65 6459
65 6460
65 6461
65 6462
65 6463
65 6464
65 6465
65 6466
65 6467
65 6468
65 6469
65 6470
65 6471
65 6472
65 6473
65 6474
65 6475
65 6476
65 6477
65 6478
65 6479
65 6480
65 6481
65 6482
65 6483
65 6484
65 6485
65 6486
65 6487
65 6488
65 6489
65 6490
65 6491
65 6492
65 6493
65 6494
65 6495
65 6496
65 6497
65 6498
65 6499
65 6500
65 6501
66 6502
66 6503
66 6504
66 6505
66 6506
66 6507
66 6508
66 6509
66 6510
66 6511
66 6512
66 6513
66 6514
66 6515
66 6516
66 6517
66 6518
66 6519
66 6520
66 6521
66 6522
66 6523
66 6524
66 6525
66 6526
66 6527
66 6528
66 6529
66 6530
66 6531
66 6532
66 6533
66 6534
66 6535
66 6536
66 6537
66 6538
66 6539
66 6540
66 6541
66 6542
66 6543
66 6544
66 6545
66 6546
66 6547
66 6548
66 6549
66 6550
66 6551
66 6552
66 6553
66 6554
66 6555
66 6556
66 6557
66 6558
66 6559
66 6560
66 6561
66 6562
66 6563
66 6564
66 6565
66 6566
66 6567
66 6568
66 6569
66 6570
66 6571
66 6572
66 6573
66 6574
66 6575
66 6576
66 6577
66 6578
66 6579
66 6580
66 6581
66 6582
66 6583
66 6584
66 6585
66 6586
66 6587
66 6588
66 6589
66 6590
66 6591
66 6592
66 6593
66 6594
66 6595
66 6596
66 6597
66 6598
66 6599
66 6600
66 6601
67 6602
67 6603
67 6604
67 6605
67 6606
67 6607
67 6608
67 6609
67 6610
67 6611
67 6612
67 6613
67 6614
67 6615
67 6616
67 6617
67 6618
67 6619
67 6620
67 6621
67 6622
67 6623
67 6624
67 6625
67 6626
67 6627
67 6628
67 6629
67 6630
67 6631
67 6632
67 6633
67 6634
67 6635
67 6636
67 6637
67 6638
67 6639
67 6640
67 6641
67 6642
67 6643
67 6644
67 6645
67 6646
67 6647
67 6648
67 6649
67 6650
67 6651
67 6652
67 6653
67 6654
67 6655
67 6656
67 6657
67 6658
67 6659
67 6660
67 6661
67 6662
67 6663
67 6664
67 6665
67 6666
67 6667
67 6668
67 6669
67 6670
67 6671
67 6672
67 6673
67 6674
67 6675
67 6676
67 6677
67 6678
67 6679
67 6680
67 6681
67 6682
67 6683
67 6684
67 6685
67 6686
67 6687
67 6688
67 6689
67 6690
67 6691
67 6692
67 6693
67 6694
67 6695
67 6696
67 6697
67 6698
67 6699
67 6700
67 6701
68 6702
68 6703
68 6704
68 6705
68 6706
68 6707
68 6708
68 6709
68 6710
68 6711
68 6712
68 6713
68 6714
68 6715
68 6716
68 6717
68 6718
68 6719
68 6720
68 6721
68 6722
68 6723
68 6724
68 6725
68 6726
68 6727
68 6728
68 6729
68 6730
68 6731
68 6732
68 6733
68 6734
68 6735
68 6736
68 6737
68 6738
68 6739
68 6740
68 6741
68 6742
68 6743
68 6744
68 6745
68 6746
68 6747
68 6748
68 6749
68 6750
68 6751
68 6752
68 6753
68 6754
68 6755
68 6756
68 6757
68 6758
68 6759
68 6760
68 6761
68 6762
68 6763
68 6764
68 6765
68 6766
68 6767
68 6768
68 6769
68 6770
68 6771
68 6772
68 6773
68 6774
68 6775
68 6776
68 6777
68 6778
68 6779
68 6780
68 6781
68 6782
68 6783
68 6784
68 6785
68 6786
68 6787
68 6788
68 6789
68 6790
68 6791
68 6792
68 6793
68 6794
68 6795
68 6796
68 6797
68 6798
68 6799
68 6800
68 6801
69 6802
69 6803
69 6804
69 6805
69 6806
69 6807
69 6808
69 6809
69 6810
69 6811
69 6812
69 6813
69 6814
69 6815
69 6816
69 6817
69 6818
69 6819
69 6820
69 6821
69 6822
69 6823
69 6824
69 6825
69 6826
69 6827
69 6828
69 6829
69 6830
69 6831
69 6832
69 6833
69 6834
69 6835
69 6836
69 6837
69 6838
69 6839
69 6840
69 6841
69 6842
69 6843
69 6844
69 6845
69 6846
69 6847
69 6848
69 6849
69 6850
69 6851
69 6852
69 6853
69 6854
69 6855
69 6856
69 6857
69 6858
69 6859
69 6860
69 6861
69 6862
69 6863
69 6864
69 6865
69 6866
69 6867
69 6868
69 6869
69 6870
69 6871
69 6872
69 6873
69 6874
69 6875
69 6876
69 6877
69 6878
69 6879
69 6880
69 6881
69 6882
69 6883
69 6884
69 6885
69 6886
69 6887
69 6888
69 6889
69 6890
69 6891
69 6892
69 6893
69 6894
69 6895
69 6896
69 6897
69 6898
69 6899
69 6900
69 6901
70 6902
70 6903
70 6904
70 6905
70 6906
70 6907
70 6908
70 6909
70 6910
70 6911
70 6912
70 6913
70 6914
70 6915
70 6916
70 6917
70 6918
70 6919
70 6920
70 6921
70 6922
70 6923
70 6924
70 6925
70 6926
70 6927
70 6928
70 6929
70 6930
70 6931
70 6932
70 6933
70 6934
70 6935
70 6936
70 6937
70 6938
70 6939
70 6940
70 6941
70 6942
70 6943
70 6944
70 6945
70 6946
70 6947
70 6948
70 6949
70 6950
70 6951
70 6952
70 6953
70 6954
70 6955
70 6956
70 6957
70 6958
70 6959
70 6960
70 6961
70 6962
70 6963
70 6964
70 6965
70 6966
70 6967
70 6968
70 6969
70 6970
70 6971
70 6972
70 6973
70 6974
70 6975
70 6976
70 6977
70 6978
70 6979
70 6980
70 6981
70 6982
70 6983
70 6984
70 6985
70 6986
70 6987
70 6988
70 6989
70 6990
70 6991
70 6992
70 6993
70 6994
70 6995
70 6996
70 6997
70 6998
70 6999
70 7000
70 7001
71 7002
71 7003
71 7004
71 7005
71 7006
71 7007
71 7008
71 7009
71 7010
71 7011
71 7012
71 7013
71 7014
71 7015
71 7016
71 7017
71 7018
71 7019
71 7020
71 7021
71 7022
71 7023
71 7024
71 7025
71 7026
71 7027
71 7028
71 7029
71 7030
71 7031
71 7032
71 7033
71 7034
71 7035
71 7036
71 7037
71 7038
71 7039
71 7040
71 7041
71 7042
71 7043
71 7044
71 7045
71 7046
71 7047
71 7048
71 7049
71 7050
71 7051
71 7052
71 7053
71 7054
71 7055
71 7056
71 7057
71 7058
71 7059
71 7060
71 7061
71 7062
71 7063
71 7064
71 7065
71 7066
71 7067
71 7068
71 7069
71 7070
71 7071
71 7072
71 7073
71 7074
71 7075
71 7076
71 7077
71 7078
71 7079
71 7080
71 7081
71 7082
71 7083
71 7084
71 7085
71 7086
71 7087
71 7088
71 7089
71 7090
71 7091
71 7092
71 7093
71 7094
71 7095
71 7096
71 7097
71 7098
71 7099
71 7100
71 7101
72 7102
72 7103
72 7104
72 7105
72 7106
72 7107
72 7108
72 7109
72 7110
72 7111
72 7112
72 7113
72 7114
72 7115
72 7116
72 7117
72 7118
72 7119
72 7120
72 7121
72 7122
72 7123
72 7124
72 7125
72 7126
72 7127
72 7128
72 7129
72 7130
72 7131
72 7132
72 7133
72 7134
72 7135
72 7136
72 7137
72 7138
72 7139
72 7140
72 7141
72 7142
72 7143
72 7144
72 7145
72 7146
72 7147
72 7148
72 7149
72 7150
72 7151
72 7152
72 7153
72 7154
72 7155
72 7156
72 7157
72 7158
72 7159
72 7160
72 7161
72 7162
72 7163
72 7164
72 7165
72 7166
72 7167
72 7168
72 7169
72 7170
72 7171
72 7172
72 7173
72 7174
72 7175
72 7176
72 7177
72 7178
72 7179
72 7180
72 7181
72 7182
72 7183
72 7184
72 7185
72 7186
72 7187
72 7188
72 7189
72 7190
72 7191
72 7192
72 7193
72 7194
72 7195
72 7196
72 7197
72 7198
72 7199
72 7200
72 7201
73 7202
73 7203
73 7204
73 7205
73 7206
73 7207
73 7208
73 7209
73 7210
73 7211
73 7212
73 7213
73 7214
73 7215
73 7216
73 7217
73 7218
73 7219
73 7220
73 7221
73 7222
73 7223
73 7224
73 7225
73 7226
73 7227
73 7228
73 7229
73 7230
73 7231
73 7232
73 7233
73 7234
73 7235
73 7236
73 7237
73 7238
73 7239
73 7240
73 7241
73 7242
73 7243
73 7244
73 7245
73 7246
73 7247
73 7248
73 7249
73 7250
73 7251
73 7252
73 7253
73 7254
73 7255
73 7256
73 7257
73 7258
73 7259
73 7260
73 7261
73 7262
73 7263
73 7264
73 7265
73 7266
73 7267
73 7268
73 7269
73 7270
73 7271
73 7272
73 7273
73 7274
73 7275
73 7276
73 7277
73 7278
73 7279
73 7280
73 7281
73 7282
73 7283
73 7284
73 7285
73 7286
73 7287
73 7288
73 7289
73 7290
73 7291
73 7292
73 7293
73 7294
73 7295
73 7296
73 7297
73 7298
73 7299
73 7300
73 7301
74 7302
74 7303
74 7304
74 7305
74 7306
74 7307
74 7308
74 7309
74 7310
74 7311
74 7312
74 7313
74 7314
74 7315
74 7316
74 7317
74 7318
74 7319
74 7320
74 7321
74 7322
74 7323
74 7324
74 7325
74 7326
74 7327
74 7328
74 7329
74 7330
74 7331
74 7332
74 7333
74 7334
74 7335
74 7336
74 7337
74 7338
74 7339
74 7340
74 7341
74 7342
74 7343
74 7344
74 7345
74 7346
74 7347
74 7348
74 7349
74 7350
74 7351
74 7352
74 7353
74 7354
74 7355
74 7356
74 7357
74 7358
74 7359
74 7360
74 7361
74 7362
74 7363
74 7364
74 7365
74 7366
74 7367
74 7368
74 7369
74 7370
74 7371
74 7372
74 7373
74 7374
74 7375
74 7376
74 7377
74 7378
74 7379
74 7380
74 7381
74 7382
74 7383
74 7384
74 7385
74 7386
74 7387
74 7388
74 7389
74 7390
74 7391
74 7392
74 7393
74 7394
74 7395
74 7396
74 7397
74 7398
74 7399
74 7400
74 7401
75 7402
75 7403
75 7404
75 7405
75 7406
75 7407
75 7408
75 7409
75 7410
75 7411
75 7412
75 7413
75 7414
75 7415
75 7416
75 7417
75 7418
75 7419
75 7420
75 7421
75 7422
75 7423
75 7424
75 7425
75 7426
75 7427
75 7428
75 7429
75 7430
75 7431
75 7432
75 7433
75 7434
75 7435
75 7436
75 7437
75 7438
75 7439
75 7440
75 7441
75 7442
75 7443
75 7444
75 7445
75 7446
75 7447
75 7448
75 7449
75 7450
75 7451
75 7452
75 7453
75 7454
75 7455
75 7456
75 7457
75 7458
75 7459
75 7460
75 7461
75 7462
75 7463
75 7464
75 7465
75 7466
75 7467
75 7468
75 7469
75 7470
75 7471
75 7472
75 7473
75 7474
75 7475
75 7476
75 7477
75 7478
75 7479
75 7480
75 7481
75 7482
75 7483
75 7484
75 7485
75 7486
75 7487
75 7488
75 7489
75 7490
75 7491
75 7492
75 7493
75 7494
75 7495
75 7496
75 7497
75 7498
75 7499
75 7500
75 7501
76 7502
76 7503
76 7504
76 7505
76 7506
76 7507
76 7508
76 7509
76 7510
76 7511
76 7512
76 7513
76 7514
76 7515
76 7516
76 7517
76 7518
76 7519
76 7520
76 7521
76 7522
76 7523
76 7524
76 7525
76 7526
76 7527
76 7528
76 7529
76 7530
76 7531
76 7532
76 7533
76 7534
76 7535
76 7536
76 7537
76 7538
76 7539
76 7540
76 7541
76 7542
76 7543
76 7544
76 7545
76 7546
76 7547
76 7548
76 7549
76 7550
76 7551
76 7552
76 7553
76 7554
76 7555
76 7556
76 7557
76 7558
76 7559
76 7560
76 7561
76 7562
76 7563
76 7564
76 7565
76 7566
76 7567
76 7568
76 7569
76 7570
76 7571
76 7572
76 7573
76 7574
76 7575
76 7576
76 7577
76 7578
76 7579
76 7580
76 7581
76 7582
76 7583
76 7584
76 7585
76 7586
76 7587
76 7588
76 7589
76 7590
76 7591
76 7592
76 7593
76 7594
76 7595
76 7596
76 7597
76 7598
76 7599
76 7600
76 7601
77 7602
77 7603
77 7604
77 7605
77 7606
77 7607
77 7608
77 7609
77 7610
77 7611
77 7612
77 7613
77 7614
77 7615
77 7616
77 7617
77 7618
77 7619
77 7620
77 7621
77 7622
77 7623
77 7624
77 7625
77 7626
77 7627
77 7628
77 7629
77 7630
77 7631
77 7632
77 7633
77 7634
77 7635
77 7636
77 7637
77 7638
77 7639
77 7640
77 7641
77 7642
77 7643
77 7644
77 7645
77 7646
77 7647
77 7648
77 7649
77 7650
77 7651
77 7652
77 7653
77 7654
77 7655
77 7656
77 7657
77 7658
77 7659
77 7660
77 7661
77 7662
77 7663
77 7664
77 7665
77 7666
77 7667
77 7668
77 7669
77 7670
77 7671
77 7672
77 7673
77 7674
77 7675
77 7676
77 7677
77 7678
77 7679
77 7680
77 7681
77 7682
77 7683
77 7684
77 7685
77 7686
77 7687
77 7688
77 7689
77 7690
77 7691
77 7692
77 7693
77 7694
77 7695
77 7696
77 7697
77 7698
77 7699
77 7700
77 7701
78 7702
78 7703
78 7704
78 7705
78 7706
78 7707
78 7708
78 7709
78 7710
78 7711
78 7712
78 7713
78 7714
78 7715
78 7716
78 7717
78 7718
78 7719
78 7720
78 7721
78 7722
78 7723
78 7724
78 7725
78 7726
78 7727
78 7728
78 7729
78 7730
78 7731
78 7732
78 7733
78 7734
78 7735
78 7736
78 7737
78 7738
78 7739
78 7740
78 7741
78 7742
78 7743
78 7744
78 7745
78 7746
78 7747
78 7748
78 7749
78 7750
78 7751
78 7752
78 7753
78 7754
78 7755
78 7756
78 7757
78 7758
78 7759
78 7760
78 7761
78 7762
78 7763
78 7764
78 7765
78 7766
78 7767
78 7768
78 7769
78 7770
78 7771
78 7772
78 7773
78 7774
78 7775
78 7776
78 7777
78 7778
78 7779
78 7780
78 7781
78 7782
78 7783
78 7784
78 7785
78 7786
78 7787
78 7788
78 7789
78 7790
78 7791
78 7792
78 7793
78 7794
78 7795
78 7796
78 7797
78 7798
78 7799
78 7800
78 7801
79 7802
79 7803
79 7804
79 7805
79 7806
79 7807
79 7808
79 7809
79 7810
79 7811
79 7812
79 7813
79 7814
79 7815
79 7816
79 7817
79 7818
79 7819
79 7820
79 7821
79 7822
79 7823
79 7824
79 7825
79 7826
79 7827
79 7828
79 7829
79 7830
79 7831
79 7832
79 7833
79 7834
79 7835
79 7836
79 7837
79 7838
79 7839
79 7840
79 7841
79 7842
79 7843
79 7844
79 7845
79 7846
79 7847
79 7848
79 7849
79 7850
79 7851
79 7852
79 7853
79 7854
79 7855
79 7856
79 7857
79 7858
79 7859
79 7860
79 7861
79 7862
79 7863
79 7864
79 7865
79 7866
79 7867
79 7868
79 7869
79 7870
79 7871
79 7872
79 7873
79 7874
79 7875
79 7876
79 7877
79 7878
79 7879
79 7880
79 7881
79 7882
79 7883
79 7884
79 7885
79 7886
79 7887
79 7888
79 7889
79 7890
79 7891
79 7892
79 7893
79 7894
79 7895
79 7896
79 7897
79 7898
79 7899
79 7900
79 7901
80 7902
80 7903
80 7904
80 7905
80 7906
80 7907
80 7908
80 7909
80 7910
80 7911
80 7912
80 7913
80 7914
80 7915
80 7916
80 7917
80 7918
80 7919
80 7920
80 7921
80 7922
80 7923
80 7924
80 7925
80 7926
80 7927
80 7928
80 7929
80 7930
80 7931
80 7932
80 7933
80 7934
80 7935
80 7936
80 7937
80 7938
80 7939
80 7940
80 7941
80 7942
80 7943
80 7944
80 7945
80 7946
80 7947
80 7948
80 7949
80 7950
80 7951
80 7952
80 7953
80 7954
80 7955
80 7956
80 7957
80 7958
80 7959
80 7960
80 7961
80 7962
80 7963
80 7964
80 7965
80 7966
80 7967
80 7968
80 7969
80 7970
80 7971
80 7972
80 7973
80 7974
80 7975
80 7976
80 7977
80 7978
80 7979
80 7980
80 7981
80 7982
80 7983
80 7984
80 7985
80 7986
80 7987
80 7988
80 7989
80 7990
80 7991
80 7992
80 7993
80 7994
80 7995
80 7996
80 7997
80 7998
80 7999
80 8000
80 8001
81 8002
81 8003
81 8004
81 8005
81 8006
81 8007
81 8008
81 8009
81 8010
81 8011
81 8012
81 8013
81 8014
81 8015
81 8016
81 8017
81 8018
81 8019
81 8020
81 8021
81 8022
81 8023
81 8024
81 8025
81 8026
81 8027
81 8028
81 8029
81 8030
81 8031
81 8032
81 8033
81 8034
81 8035
81 8036
81 8037
81 8038
81 8039
81 8040
81 8041
81 8042
81 8043
81 8044
81 8045
81 8046
81 8047
81 8048
81 8049
81 8050
81 8051
81 8052
81 8053
81 8054
81 8055
81 8056
81 8057
81 8058
81 8059
81 8060
81 8061
81 8062
81 8063
81 8064
81 8065
81 8066
81 8067
81 8068
81 8069
81 8070
81 8071
81 8072
81 8073
81 8074
81 8075
81 8076
81 8077
81 8078
81 8079
81 8080
81 8081
81 8082
81 8083
81 8084
81 8085
81 8086
81 8087
81 8088
81 8089
81 8090
81 8091
81 8092
81 8093
81 8094
81 8095
81 8096
81 8097
81 8098
81 8099
81 8100
81 8101
82 8102
82 8103
82 8104
82 8105
82 8106
82 8107
82 8108
82 8109
82 8110
82 8111
82 8112
82 8113
82 8114
82 8115
82 8116
82 8117
82 8118
82 8119
82 8120
82 8121
82 8122
82 8123
82 8124
82 8125
82 8126
82 8127
82 8128
82 8129
82 8130
82 8131
82 8132
82 8133
82 8134
82 8135
82 8136
82 8137
82 8138
82 8139
82 8140
82 8141
82 8142
82 8143
82 8144
82 8145
82 8146
82 8147
82 8148
82 8149
82 8150
82 8151
82 8152
82 8153
82 8154
82 8155
82 8156
82 8157
82 8158
82 8159
82 8160
82 8161
82 8162
82 8163
82 8164
82 8165
82 8166
82 8167
82 8168
82 8169
82 8170
82 8171
82 8172
82 8173
82 8174
82 8175
82 8176
82 8177
82 8178
82 8179
82 8180
82 8181
82 8182
82 8183
82 8184
82 8185
82 8186
82 8187
82 8188
82 8189
82 8190
82 8191
82 8192
82 8193
82 8194
82 8195
82 8196
82 8197
82 8198
82 8199
82 8200
82 8201
83 8202
83 8203
83 8204
83 8205
83 8206
83 8207
83 8208
83 8209
83 8210
83 8211
83 8212
83 8213
83 8214
83 8215
83 8216
83 8217
83 8218
83 8219
83 8220
83 8221
83 8222
83 8223
83 8224
83 8225
83 8226
83 8227
83 8228
83 8229
83 8230
83 8231
83 8232
83 8233
83 8234
83 8235
83 8236
83 8237
83 8238
83 8239
83 8240
83 8241
83 8242
83 8243
83 8244
83 8245
83 8246
83 8247
83 8248
83 8249
83 8250
83 8251
83 8252
83 8253
83 8254
83 8255
83 8256
83 8257
83 8258
83 8259
83 8260
83 8261
83 8262
83 8263
83 8264
83 8265
83 8266
83 8267
83 8268
83 8269
83 8270
83 8271
83 8272
83 8273
83 8274
83 8275
83 8276
83 8277
83 8278
83 8279
83 8280
83 8281
83 8282
83 8283
83 8284
83 8285
83 8286
83 8287
83 8288
83 8289
83 8290
83 8291
83 8292
83 8293
83 8294
83 8295
83 8296
83 8297
83 8298
83 8299
83 8300
83 8301
84 8302
84 8303
84 8304
84 8305
84 8306
84 8307
84 8308
84 8309
84 8310
84 8311
84 8312
84 8313
84 8314
84 8315
84 8316
84 8317
84 8318
84 8319
84 8320
84 8321
84 8322
84 8323
84 8324
84 8325
84 8326
84 8327
84 8328
84 8329
84 8330
84 8331
84 8332
84 8333
84 8334
84 8335
84 8336
84 8337
84 8338
84 8339
84 8340
84 8341
84 8342
84 8343
84 8344
84 8345
84 8346
84 8347
84 8348
84 8349
84 8350
84 8351
84 8352
84 8353
84 8354
84 8355
84 8356
84 8357
84 8358
84 8359
84 8360
84 8361
84 8362
84 8363
84 8364
84 8365
84 8366
84 8367
84 8368
84 8369
84 8370
84 8371
84 8372
84 8373
84 8374
84 8375
84 8376
84 8377
84 8378
84 8379
84 8380
84 8381
84 8382
84 8383
84 8384
84 8385
84 8386
84 8387
84 8388
84 8389
84 8390
84 8391
84 8392
84 8393
84 8394
84 8395
84 8396
84 8397
84 8398
84 8399
84 8400
84 8401
85 8402
85 8403
85 8404
85 8405
85 8406
85 8407
85 8408
85 8409
85 8410
85 8411
85 8412
85 8413
85 8414
85 8415
85 8416
85 8417
85 8418
85 8419
85 8420
85 8421
85 8422
85 8423
85 8424
85 8425
85 8426
85 8427
85 8428
85 8429
85 8430
85 8431
85 8432
85 8433
85 8434
85 8435
85 8436
85 8437
85 8438
85 8439
85 8440
85 8441
85 8442
85 8443
85 8444
85 8445
85 8446
85 8447
85 8448
85 8449
85 8450
85 8451
85 8452
85 8453
85 8454
85 8455
85 8456
85 8457
85 8458
85 8459
85 8460
85 8461
85 8462
85 8463
85 8464
85 8465
85 8466
85 8467
85 8468
85 8469
85 8470
85 8471
85 8472
85 8473
85 8474
85 8475
85 8476
85 8477
85 8478
85 8479
85 8480
85 8481
85 8482
85 8483
85 8484
85 8485
85 8486
85 8487
85 8488
85 8489
85 8490
85 8491
85 8492
85 8493
85 8494
85 8495
85 8496
85 8497
85 8498
85 8499
85 8500
85 8501
86 8502
86 8503
86 8504
86 8505
86 8506
86 8507
86 8508
86 8509
86 8510
86 8511
86 8512
86 8513
86 8514
86 8515
86 8516
86 8517
86 8518
86 8519
86 8520
86 8521
86 8522
86 8523
86 8524
86 8525
86 8526
86 8527
86 8528
86 8529
86 8530
86 8531
86 8532
86 8533
86 8534
86 8535
86 8536
86 8537
86 8538
86 8539
86 8540
86 8541
86 8542
86 8543
86 8544
86 8545
86 8546
86 8547
86 8548
86 8549
86 8550
86 8551
86 8552
86 8553
86 8554
86 8555
86 8556
86 8557
86 8558
86 8559
86 8560
86 8561
86 8562
86 8563
86 8564
86 8565
86 8566
86 8567
86 8568
86 8569
86 8570
86 8571
86 8572
86 8573
86 8574
86 8575
86 8576
86 8577
86 8578
86 8579
86 8580
86 8581
86 8582
86 8583
86 8584
86 8585
86 8586
86 8587
86 8588
86 8589
86 8590
86 8591
86 8592
86 8593
86 8594
86 8595
86 8596
86 8597
86 8598
86 8599
86 8600
86 8601
87 8602
87 8603
87 8604
87 8605
87 8606
87 8607
87 8608
87 8609
87 8610
87 8611
87 8612
87 8613
87 8614
87 8615
87 8616
87 8617
87 8618
87 8619
87 8620
87 8621
87 8622
87 8623
87 8624
87 8625
87 8626
87 8627
87 8628
87 8629
87 8630
87 8631
87 8632
87 8633
87 8634
87 8635
87 8636
87 8637
87 8638
87 8639
87 8640
87 8641
87 8642
87 8643
87 8644
87 8645
87 8646
87 8647
87 8648
87 8649
87 8650
87 8651
87 8652
87 8653
87 8654
87 8655
87 8656
87 8657
87 8658
87 8659
87 8660
87 8661
87 8662
87 8663
87 8664
87 8665
87 8666
87 8667
87 8668
87 8669
87 8670
87 8671
87 8672
87 8673
87 8674
87 8675
87 8676
87 8677
87 8678
87 8679
87 8680
87 8681
87 8682
87 8683
87 8684
87 8685
87 8686
87 8687
87 8688
87 8689
87 8690
87 8691
87 8692
87 8693
87 8694
87 8695
87 8696
87 8697
87 8698
87 8699
87 8700
87 8701
88 8702
88 8703
88 8704
88 8705
88 8706
88 8707
88 8708
88 8709
88 8710
88 8711
88 8712
88 8713
88 8714
88 8715
88 8716
88 8717
88 8718
88 8719
88 8720
88 8721
88 8722
88 8723
88 8724
88 8725
88 8726
88 8727
88 8728
88 8729
88 8730
88 8731
88 8732
88 8733
88 8734
88 8735
88 8736
88 8737
88 8738
88 8739
88 8740
88 8741
88 8742
88 8743
88 8744
88 8745
88 8746
88 8747
88 8748
88 8749
88 8750
88 8751
88 8752
88 8753
88 8754
88 8755
88 8756
88 8757
88 8758
88 8759
88 8760
88 8761
88 8762
88 8763
88 8764
88 8765
88 8766
88 8767
88 8768
88 8769
88 8770
88 8771
88 8772
88 8773
88 8774
88 8775
88 8776
88 8777
88 8778
88 8779
88 8780
88 8781
88 8782
88 8783
88 8784
88 8785
88 8786
88 8787
88 8788
88 8789
88 8790
88 8791
88 8792
88 8793
88 8794
88 8795
88 8796
88 8797
88 8798
88 8799
88 8800
88 8801
89 8802
89 8803
89 8804
89 8805
89 8806
89 8807
89 8808
89 8809
89 8810
89 8811
89 8812
89 8813
89 8814
89 8815
89 8816
89 8817
89 8818
89 8819
89 8820
89 8821
89 8822
89 8823
89 8824
89 8825
89 8826
89 8827
89 8828
89 8829
89 8830
89 8831
89 8832
89 8833
89 8834
89 8835
89 8836
89 8837
89 8838
89 8839
89 8840
89 8841
89 8842
89 8843
89 8844
89 8845
89 8846
89 8847
89 8848
89 8849
89 8850
89 8851
89 8852
89 8853
89 8854
89 8855
89 8856
89 8857
89 8858
89 8859
89 8860
89 8861
89 8862
89 8863
89 8864
89 8865
89 8866
89 8867
89 8868
89 8869
89 8870
89 8871
89 8872
89 8873
89 8874
89 8875
89 8876
89 8877
89 8878
89 8879
89 8880
89 8881
89 8882
89 8883
89 8884
89 8885
89 8886
89 8887
89 8888
89 8889
89 8890
89 8891
89 8892
89 8893
89 8894
89 8895
89 8896
89 8897
89 8898
89 8899
89 8900
89 8901
90 8902
90 8903
90 8904
90 8905
90 8906
90 8907
90 8908
90 8909
90 8910
90 8911
90 8912
90 8913
90 8914
90 8915
90 8916
90 8917
90 8918
90 8919
90 8920
90 8921
90 8922
90 8923
90 8924
90 8925
90 8926
90 8927
90 8928
90 8929
90 8930
90 8931
90 8932
90 8933
90 8934
90 8935
90 8936
90 8937
90 8938
90 8939
90 8940
90 8941
90 8942
90 8943
90 8944
90 8945
90 8946
90 8947
90 8948
90 8949
90 8950
90 8951
90 8952
90 8953
90 8954
90 8955
90 8956
90 8957
90 8958
90 8959
90 8960
90 8961
90 8962
90 8963
90 8964
90 8965
90 8966
90 8967
90 8968
90 8969
90 8970
90 8971
90 8972
90 8973
90 8974
90 8975
90 8976
90 8977
90 8978
90 8979
90 8980
90 8981
90 8982
90 8983
90 8984
90 8985
90 8986
90 8987
90 8988
90 8989
90 8990
90 8991
90 8992
90 8993
90 8994
90 8995
90 8996
90 8997
90 8998
90 8999
90 9000
90 9001
91 9002
91 9003
91 9004
91 9005
91 9006
91 9007
91 9008
91 9009
91 9010
91 9011
91 9012
91 9013
91 9014
91 9015
91 9016
91 9017
91 9018
91 9019
91 9020
91 9021
91 9022
91 9023
91 9024
91 9025
91 9026
91 9027
91 9028
91 9029
91 9030
91 9031
91 9032
91 9033
91 9034
91 9035
91 9036
91 9037
91 9038
91 9039
91 9040
91 9041
91 9042
91 9043
91 9044
91 9045
91 9046
91 9047
91 9048
91 9049
91 9050
91 9051
91 9052
91 9053
91 9054
91 9055
91 9056
91 9057
91 9058
91 9059
91 9060
91 9061
91 9062
91 9063
91 9064
91 9065
91 9066
91 9067
91 9068
91 9069
91 9070
91 9071
91 9072
91 9073
91 9074
91 9075
91 9076
91 9077
91 9078
91 9079
91 9080
91 9081
91 9082
91 9083
91 9084
91 9085
91 9086
91 9087
91 9088
91 9089
91 9090
91 9091
91 9092
91 9093
91 9094
91 9095
91 9096
91 9097
91 9098
91 9099
91 9100
91 9101
92 9102
92 9103
92 9104
92 9105
92 9106
92 9107
92 9108
92 9109
92 9110
92 9111
92 9112
92 9113
92 9114
92 9115
92 9116
92 9117
92 9118
92 9119
92 9120
92 9121
92 9122
92 9123
92 9124
92 9125
92 9126
92 9127
92 9128
92 9129
92 9130
92 9131
92 9132
92 9133
92 9134
92 9135
92 9136
92 9137
92 9138
92 9139
92 9140
92 9141
92 9142
92 9143
92 9144
92 9145
92 9146
92 9147
92 9148
92 9149
92 9150
92 9151
92 9152
92 9153
92 9154
92 9155
92 9156
92 9157
92 9158
92 9159
92 9160
92 9161
92 9162
92 9163
92 9164
92 9165
92 9166
92 9167
92 9168
92 9169
92 9170
92 9171
92 9172
92 9173
92 9174
92 9175
92 9176
92 9177
92 9178
92 9179
92 9180
92 9181
92 9182
92 9183
92 9184
92 9185
92 9186
92 9187
92 9188
92 9189
92 9190
92 9191
92 9192
92 9193
92 9194
92 9195
92 9196
92 9197
92 9198
92 9199
92 9200
92 9201
93 9202
93 9203
93 9204
93 9205
93 9206
93 9207
93 9208
93 9209
93 9210
93 9211
93 9212
93 9213
93 9214
93 9215
93 9216
93 9217
93 9218
93 9219
93 9220
93 9221
93 9222
93 9223
93 9224
93 9225
93 9226
93 9227
93 9228
93 9229
93 9230
93 9231
93 9232
93 9233
93 9234
93 9235
93 9236
93 9237
93 9238
93 9239
93 9240
93 9241
93 9242
93 9243
93 9244
93 9245
93 9246
93 9247
93 9248
93 9249
93 9250
93 9251
93 9252
93 9253
93 9254
93 9255
93 9256
93 9257
93 9258
93 9259
93 9260
93 9261
93 9262
93 9263
93 9264
93 9265
93 9266
93 9267
93 9268
93 9269
93 9270
93 9271
93 9272
93 9273
93 9274
93 9275
93 9276
93 9277
93 9278
93 9279
93 9280
93 9281
93 9282
93 9283
93 9284
93 9285
93 9286
93 9287
93 9288
93 9289
93 9290
93 9291
93 9292
93 9293
93 9294
93 9295
93 9296
93 9297
93 9298
93 9299
93 9300
93 9301
94 9302
94 9303
94 9304
94 9305
94 9306
94 9307
94 9308
94 9309
94 9310
94 9311
94 9312
94 9313
94 9314
94 9315
94 9316
94 9317
94 9318
94 9319
94 9320
94 9321
94 9322
94 9323
94 9324
94 9325
94 9326
94 9327
94 9328
94 9329
94 9330
94 9331
94 9332
94 9333
94 9334
94 9335
94 9336
94 9337
94 9338
94 9339
94 9340
94 9341
94 9342
94 9343
94 9344
94 9345
94 9346
94 9347
94 9348
94 9349
94 9350
94 9351
94 9352
94 9353
94 9354
94 9355
94 9356
94 9357
94 9358
94 9359
94 9360
94 9361
94 9362
94 9363
94 9364
94 9365
94 9366
94 9367
94 9368
94 9369
94 9370
94 9371
94 9372
94 9373
94 9374
94 9375
94 9376
94 9377
94 9378
94 9379
94 9380
94 9381
94 9382
94 9383
94 9384
94 9385
94 9386
94 9387
94 9388
94 9389
94 9390
94 9391
94 9392
94 9393
94 9394
94 9395
94 9396
94 9397
94 9398
94 9399
94 9400
94 9401
95 9402
95 9403
95 9404
95 9405
95 9406
95 9407
95 9408
95 9409
95 9410
95 9411
95 9412
95 9413
95 9414
95 9415
95 9416
95 9417
95 9418
95 9419
95 9420
95 9421
95 9422
95 9423
95 9424
95 9425
95 9426
95 9427
95 9428
95 9429
95 9430
95 9431
95 9432
95 9433
95 9434
95 9435
95 9436
95 9437
95 9438
95 9439
95 9440
95 9441
95 9442
95 9443
95 9444
95 9445
95 9446
95 9447
95 9448
95 9449
95 9450
95 9451
95 9452
95 9453
95 9454
95 9455
95 9456
95 9457
95 9458
95 9459
95 9460
95 9461
95 9462
95 9463
95 9464
95 9465
95 9466
95 9467
95 9468
95 9469
95 9470
95 9471
95 9472
95 9473
95 9474
95 9475
95 9476
95 9477
95 9478
95 9479
95 9480
95 9481
95 9482
95 9483
95 9484
95 9485
95 9486
95 9487
95 9488
95 9489
95 9490
95 9491
95 9492
95 9493
95 9494
95 9495
95 9496
95 9497
95 9498
95 9499
95 9500
95 9501
96 9502
96 9503
96 9504
96 9505
96 9506
96 9507
96 9508
96 9509
96 9510
96 9511
96 9512
96 9513
96 9514
96 9515
96 9516
96 9517
96 9518
96 9519
96 9520
96 9521
96 9522
96 9523
96 9524
96 9525
96 9526
96 9527
96 9528
96 9529
96 9530
96 9531
96 9532
96 9533
96 9534
96 9535
96 9536
96 9537
96 9538
96 9539
96 9540
96 9541
96 9542
96 9543
96 9544
96 9545
96 9546
96 9547
96 9548
96 9549
96 9550
96 9551
96 9552
96 9553
96 9554
96 9555
96 9556
96 9557
96 9558
96 9559
96 9560
96 9561
96 9562
96 9563
96 9564
96 9565
96 9566
96 9567
96 9568
96 9569
96 9570
96 9571
96 9572
96 9573
96 9574
96 9575
96 9576
96 9577
96 9578
96 9579
96 9580
96 9581
96 9582
96 9583
96 9584
96 9585
96 9586
96 9587
96 9588
96 9589
96 9590
96 9591
96 9592
96 9593
96 9594
96 9595
96 9596
96 9597
96 9598
96 9599
96 9600
96 9601
97 9602
97 9603
97 9604
97 9605
97 9606
97 9607
97 9608
97 9609
97 9610
97 9611
97 9612
97 9613
97 9614
97 9615
97 9616
97 9617
97 9618
97 9619
97 9620
97 9621
97 9622
97 9623
97 9624
97 9625
97 9626
97 9627
97 9628
97 9629
97 9630
97 9631
97 9632
97 9633
97 9634
97 9635
97 9636
97 9637
97 9638
97 9639
97 9640
97 9641
97 9642
97 9643
97 9644
97 9645
97 9646
97 9647
97 9648
97 9649
97 9650
97 9651
97 9652
97 9653
97 9654
97 9655
97 9656
97 9657
97 9658
97 9659
97 9660
97 9661
97 9662
97 9663
97 9664
97 9665
97 9666
97 9667
97 9668
97 9669
97 9670
97 9671
97 9672
97 9673
97 9674
97 9675
97 9676
97 9677
97 9678
97 9679
97 9680
97 9681
97 9682
97 9683
97 9684
97 9685
97 9686
97 9687
97 9688
97 9689
97 9690
97 9691
97 9692
97 9693
97 9694
97 9695
97 9696
97 9697
97 9698
97 9699
97 9700
97 9701
98 9702
98 9703
98 9704
98 9705
98 9706
98 9707
98 9708
98 9709
98 9710
98 9711
98 9712
98 9713
98 9714
98 9715
98 9716
98 9717
98 9718
98 9719
98 9720
98 9721
98 9722
98 9723
98 9724
98 9725
98 9726
98 9727
98 9728
98 9729
98 9730
98 9731
98 9732
98 9733
98 9734
98 9735
98 9736
98 9737
98 9738
98 9739
98 9740
98 9741
98 9742
98 9743
98 9744
98 9745
98 9746
98 9747
98 9748
98 9749
98 9750
98 9751
98 9752
98 9753
98 9754
98 9755
98 9756
98 9757
98 9758
98 9759
98 9760
98 9761
98 9762
98 9763
98 9764
98 9765
98 9766
98 9767
98 9768
98 9769
98 9770
98 9771
98 9772
98 9773
98 9774
98 9775
98 9776
98 9777
98 9778
98 9779
98 9780
98 9781
98 9782
98 9783
98 9784
98 9785
98 9786
98 9787
98 9788
98 9789
98 9790
98 9791
98 9792
98 9793
98 9794
98 9795
98 9796
98 9797
98 9798
98 9799
98 9800
98 9801
99 9802
99 9803
99 9804
99 9805
99 9806
99 9807
99 9808
99 9809
99 9810
99 9811
99 9812
99 9813
99 9814
99 9815
99 9816
99 9817
99 9818
99 9819
99 9820
99 9821
99 9822
99 9823
99 9824
99 9825
99 9826
99 9827
99 9828
99 9829
99 9830
99 9831
99 9832
99 9833
99 9834
99 9835
99 9836
99 9837
99 9838
99 9839
99 9840
99 9841
99 9842
99 9843
99 9844
99 9845
99 9846
99 9847
99 9848
99 9849
99 9850
99 9851
99 9852
99 9853
99 9854
99 9855
99 9856
99 9857
99 9858
99 9859
99 9860
99 9861
99 9862
99 9863
99 9864
99 9865
99 9866
99 9867
99 9868
99 9869
99 9870
99 9871
99 9872
99 9873
99 9874
99 9875
99 9876
99 9877
99 9878
99 9879
99 9880
99 9881
99 9882
99 9883
99 9884
99 9885
99 9886
99 9887
99 9888
99 9889
99 9890
99 9891
99 9892
99 9893
99 9894
99 9895
99 9896
99 9897
99 9898
99 9899
99 9900
99 9901
100 9902
100 9903
100 9904
100 9905
100 9906
100 9907
100 9908
100 9909
100 9910
100 9911
100 9912
100 9913
100 9914
100 9915
100 9916
100 9917
100 9918
100 9919
100 9920
100 9921
100 9922
100 9923
100 9924
100 9925
100 9926
100 9927
100 9928
100 9929
100 9930
100 9931
100 9932
100 9933
100 9934
100 9935
100 9936
100 9937
100 9938
100 9939
100 9940
100 9941
100 9942
100 9943
100 9944
100 9945
100 9946
100 9947
100 9948
100 9949
100 9950
100 9951
100 9952
100 9953
100 9954
100 9955
100 9956
100 9957
100 9958
100 9959
100 9960
100 9961
100 9962
100 9963
100 9964
100 9965
100 9966
100 9967
100 9968
100 9969
100 9970
100 9971
100 9972
100 9973
100 9974
100 9975
100 9976
100 9977
100 9978
100 9979
100 9980
100 9981
100 9982
100 9983
100 9984
100 9985
100 9986
100 9987
100 9988
100 9989
100 9990
100 9991
100 9992
100 9993
100 9994
100 9995
100 9996
100 9997
100 9998
100 9999
100 10000
100 10001
101 10002
101 10003
101 10004
101 10005
101 10006
101 10007
101 10008
101 10009
101 10010
101 10011
101 10012
101 10013
101 10014
101 10015
101 10016
101 10017
101 10018
101 10019
101 10020
101 10021
101 10022
101 10023
101 10024
101 10025
101 10026
101 10027
101 10028
101 10029
101 10030
101 10031
101 10032
101 10033
101 10034
101 10035
101 10036
101 10037
101 10038
101 10039
101 10040
101 10041
101 10042
101 10043
101 10044
101 10045
101 10046
101 10047
101 10048
101 10049
101 10050
101 10051
101 10052
101 10053
101 10054
101 10055
101 10056
101 10057
101 10058
101 10059
101 10060
101 10061
101 10062
101 10063
101 10064
101 10065
101 10066
101 10067
101 10068
101 10069
101 10070
101 10071
101 10072
101 10073
101 10074
101 10075
101 10076
101 10077
101 10078
101 10079
101 10080
101 10081
101 10082
101 10083
101 10084
101 10085
101 10086
101 10087
101 10088
101 10089
101 10090
101 10091
101 10092
101 10093
101 10094
101 10095
101 10096
101 10097
101 10098
101 10099
101 10100
101 10101
