100
1 2
2 3
2 4
2 5
2 6
3 7
3 8
4 9
5 10
5 11
5 12
6 13
7 14
7 15
8 16
8 17
8 18
9 19
9 20
9 21
10 22
10 23
10 24
12 25
12 26
12 27
13 28
13 29
14 30
15 31
15 32
16 33
17 34
18 35
18 36
18 37
18 38
19 39
19 40
20 41
20 42
20 43
20 44
21 45
22 46
23 47
23 48
24 49
25 50
25 51
25 52
26 53
28 54
28 55
28 56
28 57
29 58
29 59
29 60
31 61
31 62
32 63
33 64
33 65
34 66
34 67
34 68
34 69
35 70
35 71
36 72
36 73
37 74
37 75
38 76
38 77
39 78
42 79
42 80
42 81
45 82
45 83
45 84
45 85
46 86
46 87
46 88
47 89
48 90
48 91
49 92
49 93
49 94
49 95
51 96
51 97
52 98
53 99
42 100
