1000 0 0 30
-636.619 -1 19098.6
-127.321 -1 3819.75
-70.7308 -1 2122.13
-48.9639 -1 1469.22
-37.4393 -1 1123.58
-30.3042 -1 909.621
-25.4517 -1 764.139
-21.9372 -1 658.799
-19.2742 -1 579.004
-17.1866 -1 516.468
-15.5058 -1 466.141
-14.1235 -1 424.766
-12.9666 -1 390.152
-11.9839 -1 360.767
-11.1389 -1 335.511
-10.4044 -1 313.571
-9.76009 -1 294.335
-9.19022 -1 277.334
-8.68256 -1 262.198
-8.22743 -1 248.639
-7.81705 -1 236.422
-7.44509 -1 225.358
-7.10637 -1 215.291
-6.79661 -1 206.093
-6.51222 -1 197.656
-6.25019 -1 189.89
-6.00797 -1 182.718
-5.78336 -1 176.075
-5.57451 -1 169.905
-5.3798 -1 164.158
-5.19781 -1 158.794
-5.02734 -1 153.775
-4.86731 -1 149.069
-4.71677 -1 144.648
-4.5749 -1 140.487
-4.44096 -1 136.565
-4.3143 -1 132.86
-4.19431 -1 129.356
-4.08049 -1 126.037
-3.97236 -1 122.889
-3.8695 -1 119.899
-3.77152 -1 117.055
-3.67807 -1 114.348
-3.58885 -1 111.767
-3.50356 -1 109.304
-3.42195 -1 106.952
-3.34377 -1 104.703
-3.26881 -1 102.55
-3.19687 -1 100.489
-3.12776 -1 98.5117
-3.06131 -1 96.615
-2.99738 -1 94.7935
-2.9358 -1 93.0431
-2.87646 -1 91.3597
-2.81922 -1 89.7395
-2.76398 -1 88.1793
-2.71062 -1 86.6758
-2.65905 -1 85.226
-2.60917 -1 83.8271
-2.5609 -1 82.4766
-2.51417 -1 81.1721
-2.46888 -1 79.9113
-2.42498 -1 78.6922
-2.3824 -1 77.5127
-2.34107 -1 76.371
-2.30094 -1 75.2654
-2.26196 -1 74.1942
-2.22406 -1 73.156
-2.18721 -1 72.1492
-2.15137 -1 71.1725
-2.11647 -1 70.2246
-2.0825 -1 69.3044
-2.0494 -1 68.4106
-2.01714 -1 67.5422
-1.98569 -1 66.6982
-1.95501 -1 65.8776
-1.92508 -1 65.0795
-1.89587 -1 64.3029
-1.86734 -1 63.5472
-1.83947 -1 62.8115
-1.81224 -1 62.0951
-1.78563 -1 61.3972
-1.7596 -1 60.7172
-1.73415 -1 60.0544
-1.70924 -1 59.4083
-1.68486 -1 58.7782
-1.66099 -1 58.1636
-1.63762 -1 57.564
-1.61472 -1 56.9788
-1.59228 -1 56.4077
-1.57029 -1 55.85
-1.54873 -1 55.3054
-1.52758 -1 54.7735
-1.50683 -1 54.2539
-1.48648 -1 53.7461
-1.46649 -1 53.2498
-1.44688 -1 52.7646
-1.42762 -1 52.2903
-1.4087 -1 51.8264
-1.39011 -1 51.3728
-1.37185 -1 50.9289
-1.35389 -1 50.4947
-1.33624 -1 50.0698
-1.31888 -1 49.6539
-1.30181 -1 49.2467
-1.28502 -1 48.8481
-1.26849 -1 48.4579
-1.25223 -1 48.0756
-1.23622 -1 47.7013
-1.22046 -1 47.3345
-1.20493 -1 46.9752
-1.18964 -1 46.6232
-1.17458 -1 46.2782
-1.15974 -1 45.9401
-1.14511 -1 45.6086
-1.13069 -1 45.2837
-1.11648 -1 44.9651
-1.10246 -1 44.6528
-1.08864 -1 44.3465
-1.075 -1 44.0461
-1.06155 -1 43.7514
-1.04827 -1 43.4624
-1.03517 -1 43.1788
-1.02224 -1 42.9007
-1.00947 -1 42.6277
-0.996863 -1 42.3599
-0.984414 -1 42.097
-0.972118 -1 41.8391
-0.959971 -1 41.5859
-0.94797 -1 41.3374
-0.936111 -1 41.0934
-0.92439 -1 40.8539
-0.912805 -1 40.6188
-0.901353 -1 40.388
-0.890029 -1 40.1613
-0.878831 -1 39.9388
-0.867756 -1 39.7202
-0.856801 -1 39.5056
-0.845963 -1 39.2948
-0.835241 -1 39.0879
-0.82463 -1 38.8846
-0.814128 -1 38.6849
-0.803733 -1 38.4888
-0.793443 -1 38.2961
-0.783255 -1 38.1069
-0.773167 -1 37.921
-0.763176 -1 37.7384
-0.75328 -1 37.5591
-0.743478 -1 37.3829
-0.733767 -1 37.2098
-0.724145 -1 37.0398
-0.714611 -1 36.8727
-0.705161 -1 36.7086
-0.695795 -1 36.5474
-0.68651 -1 36.3891
-0.677305 -1 36.2335
-0.668179 -1 36.0806
-0.659128 -1 35.9305
-0.650152 -1 35.783
-0.641249 -1 35.6381
-0.632418 -1 35.4958
-0.623657 -1 35.356
-0.614964 -1 35.2187
-0.606337 -1 35.0839
-0.597777 -1 34.9514
-0.58928 -1 34.8213
-0.580846 -1 34.6935
-0.572474 -1 34.5681
-0.564161 -1 34.4448
-0.555907 -1 34.3238
-0.547711 -1 34.2051
-0.539571 -1 34.0884
-0.531486 -1 33.9739
-0.523454 -1 33.8615
-0.515476 -1 33.7512
-0.507548 -1 33.6429
-0.499672 -1 33.5366
-0.491844 -1 33.4323
-0.484065 -1 33.3299
-0.476333 -1 33.2295
-0.468647 -1 33.131
-0.461006 -1 33.0344
-0.45341 -1 32.9396
-0.445856 -1 32.8467
-0.438345 -1 32.7556
-0.430875 -1 32.6663
-0.423445 -1 32.5787
-0.416055 -1 32.4929
-0.408703 -1 32.4088
-0.401389 -1 32.3265
-0.394112 -1 32.2458
-0.386871 -1 32.1667
-0.379665 -1 32.0894
-0.372493 -1 32.0136
-0.365354 -1 31.9395
-0.358249 -1 31.867
-0.351175 -1 31.7961
-0.344132 -1 31.7267
-0.33712 -1 31.6588
-0.330138 -1 31.5926
-0.323184 -1 31.5278
-0.316258 -1 31.4645
-0.30936 -1 31.4027
-0.302489 -1 31.3424
-0.295644 -1 31.2836
-0.288824 -1 31.2262
-0.282029 -1 31.1702
-0.275258 -1 31.1157
-0.26851 -1 31.0626
-0.261786 -1 31.0109
-0.255083 -1 30.9606
-0.248401 -1 30.9117
-0.241741 -1 30.8641
-0.2351 -1 30.8179
-0.22848 -1 30.773
-0.221878 -1 30.7295
-0.215294 -1 30.6874
-0.208729 -1 30.6465
-0.20218 -1 30.607
-0.195649 -1 30.5687
-0.189133 -1 30.5318
-0.182632 -1 30.4962
-0.176147 -1 30.4618
-0.169676 -1 30.4287
-0.163219 -1 30.3969
-0.156775 -1 30.3664
-0.150343 -1 30.3371
-0.143924 -1 30.3091
-0.137516 -1 30.2823
-0.13112 -1 30.2567
-0.124734 -1 30.2324
-0.118358 -1 30.2094
-0.111991 -1 30.1875
-0.105634 -1 30.1669
-0.0992845 -1 30.1475
-0.0929432 -1 30.1293
-0.0866094 -1 30.1123
-0.0802824 -1 30.0965
-0.0739619 -1 30.0819
-0.0676471 -1 30.0685
-0.0613378 -1 30.0563
-0.0550333 -1 30.0454
-0.0487332 -1 30.0356
-0.0424369 -1 30.027
-0.036144 -1 30.0196
-0.029854 -1 30.0133
-0.0235663 -1 30.0083
-0.0172805 -1 30.0044
-0.010996 -1 30.0018
-0.00471242 -1 30.0003
0.0015708 -1 30
0.00785414 -1 30.0009
0.0141381 -1 30.003
0.0204232 -1 30.0062
0.0267099 -1 30.0107
0.0329987 -1 30.0163
0.0392901 -1 30.0231
0.0455846 -1 30.0311
0.0518828 -1 30.0403
0.058185 -1 30.0507
0.0644918 -1 30.0623
0.0708038 -1 30.0751
0.0771214 -1 30.089
0.0834451 -1 30.1042
0.0897754 -1 30.1206
0.0961129 -1 30.1382
0.102458 -1 30.157
0.108811 -1 30.177
0.115173 -1 30.1983
0.121545 -1 30.2207
0.127926 -1 30.2444
0.134317 -1 30.2694
0.140719 -1 30.2955
0.147132 -1 30.3229
0.153557 -1 30.3516
0.159995 -1 30.3815
0.166446 -1 30.4127
0.17291 -1 30.4451
0.179388 -1 30.4788
0.185881 -1 30.5138
0.192389 -1 30.5501
0.198912 -1 30.5877
0.205452 -1 30.6266
0.212009 -1 30.6668
0.218584 -1 30.7083
0.225176 -1 30.7511
0.231788 -1 30.7953
0.238418 -1 30.8408
0.245068 -1 30.8877
0.251739 -1 30.936
0.258431 -1 30.9856
0.265145 -1 31.0366
0.271881 -1 31.089
0.278641 -1 31.1428
0.285424 -1 31.198
0.292231 -1 31.2547
0.299063 -1 31.3128
0.305922 -1 31.3724
0.312806 -1 31.4334
0.319718 -1 31.496
0.326657 -1 31.56
0.333625 -1 31.6255
0.340623 -1 31.6926
0.34765 -1 31.7612
0.354708 -1 31.8313
0.361798 -1 31.9031
0.368919 -1 31.9764
0.376074 -1 32.0513
0.383263 -1 32.1279
0.390487 -1 32.206
0.397746 -1 32.2859
0.405042 -1 32.3674
0.412374 -1 32.4507
0.419745 -1 32.5356
0.427155 -1 32.6223
0.434605 -1 32.7107
0.442095 -1 32.8009
0.449628 -1 32.8929
0.457203 -1 32.9868
0.464821 -1 33.0825
0.472484 -1 33.18
0.480193 -1 33.2795
0.487949 -1 33.3809
0.495752 -1 33.4842
0.503604 -1 33.5895
0.511506 -1 33.6968
0.519458 -1 33.8061
0.527463 -1 33.9174
0.535521 -1 34.0309
0.543634 -1 34.1465
0.551802 -1 34.2642
0.560027 -1 34.3841
0.56831 -1 34.5062
0.576652 -1 34.6305
0.585055 -1 34.7571
0.593521 -1 34.8861
0.602049 -1 35.0173
0.610642 -1 35.151
0.619302 -1 35.2871
0.628029 -1 35.4256
0.636825 -1 35.5667
0.645692 -1 35.7103
0.654631 -1 35.8564
0.663644 -1 36.0052
0.672732 -1 36.1567
0.681898 -1 36.3109
0.691143 -1 36.4679
0.700468 -1 36.6277
0.709875 -1 36.7903
0.719367 -1 36.9559
0.728945 -1 37.1244
0.738611 -1 37.296
0.748368 -1 37.4706
0.758216 -1 37.6484
0.768159 -1 37.8293
0.778198 -1 38.0136
0.788336 -1 38.2011
0.798575 -1 38.392
0.808917 -1 38.5864
0.819365 -1 38.7843
0.829921 -1 38.9857
0.840588 -1 39.1909
0.851368 -1 39.3998
0.862264 -1 39.6124
0.873278 -1 39.829
0.884414 -1 40.0495
0.895675 -1 40.2741
0.907063 -1 40.5029
0.918581 -1 40.7358
0.930234 -1 40.9731
0.942023 -1 41.2148
0.953953 -1 41.4611
0.966026 -1 41.7119
0.978247 -1 41.9674
0.990619 -1 42.2278
1.00315 -1 42.4932
1.01583 -1 42.7635
1.02868 -1 43.0391
1.0417 -1 43.3199
1.05489 -1 43.6062
1.06825 -1 43.898
1.08179 -1 44.1955
1.09552 -1 44.4989
1.10944 -1 44.8082
-1.62611 -1 56.9238
-0.614964 -1 33.6942
-0.593521 -1 33.9222
-0.305922 -1 26.0028
0.0613378 -1 28.3113
-0.798575 -1 31.1306
0.34765 -1 28.2083
-0.623657 -1 29.7325
-0.302489 -1 20.4301
0.0992845 -1 23.1686
-0.56831 -1 31.796
0.0487332 -1 22.3418
0.0644918 -1 29.0216
0.560027 -1 33.9939
-0.468647 -1 19.642
-0.379665 -1 27.094
0.241741 -1 30.6559
-1.11648 -1 41.0394
-0.990619 -1 41.0611
0.036144 -1 25.2957
-0.491844 -1 28.883
-0.442095 -1 17.4885
0.783255 -1 38.0842
0.036144 -1 28.9053
-0.383263 -1 24.1661
-0.495752 -1 26.2631
0.0644918 -1 28.7054
-0.788336 -1 26.2378
-1.02224 -1 31.0881
-1.15974 -1 40.2576
-0.819365 -1 36.9974
0.010996 -1 22.3167
-0.245068 -1 30.6063
-1.15974 -1 40.2576
0.344132 -1 30.1429
0.156775 -1 29.2392
-0.383263 -1 29.6823
0.476333 -1 32.1063
-0.140719 -1 19.9633
0.156775 -1 30.3591
0.551802 -1 34.0453
-0.302489 -1 30.6711
-0.457203 -1 22.0468
-0.719367 -1 29.8296
-1.09552 -1 41.6263
-0.632418 -1 31.5252
-2.6339 -1 82.655
-0.507548 -1 32.3071
-0.295644 -1 27.6013
-0.169676 -1 24.6174
-0.255083 -1 29.9879
-0.681898 -1 29.8384
0.0204232 -1 28.8668
-0.0267099 -1 29.8685
-1.52758 -1 53.6702
-0.34765 -1 14.1519
-0.302489 -1 19.8263
-2.87646 -1 87.8906
0.316258 -1 27.7142
-3.09421 -1 97.38
-1.70924 -1 53.9121
-0.143924 -1 28.8257
-0.0739619 -1 20.4543
-0.189133 -1 29.5243
0.953953 -1 41.448
-0.0329987 -1 29.938
-1.21267 -1 41.8109
-0.709875 -1 34.9538
-1.25223 -1 39.5919
-0.295644 -1 22.2594
0.650152 -1 35.6347
-0.0739619 -1 26.4515
-4.79091 -1 146.807
-1.4087 -1 46.894
-0.503604 -1 29.8804
-0.527463 -1 26.9948
0.288824 -1 27.6879
0.614964 -1 35.1102
-1.4087 -1 51.2863
-0.793443 -1 33.085
-0.0992845 -1 21.7155
-0.681898 -1 36.2463
-0.245068 -1 29.159
-0.358249 -1 31.4747
0.472484 -1 32.9184
0.0802824 -1 23.4882
0.241741 -1 30.7179
-0.0172805 -1 27.3073
-0.705161 -1 34.692
0.115173 -1 28.0777
-1.20493 -1 45.572
-0.829921 -1 34.1043
-0.319718 -1 30.579
-0.551802 -1 21.0857
-0.295644 -1 27.5082
0.472484 -1 31.3573
-2.44676 -1 77.3323
0.124734 -1 30.1071
-0.285424 -1 26.8035
0.143924 -1 29.9507
0.241741 -1 30.8518
-4.3143 -1 132.103
-0.82463 -1 35.5888
0.0392901 -1 29.6824
-0.029854 -1 27.3929
-0.527463 -1 30.0742
0.511506 -1 33.6542
-0.438345 -1 32.7453
-0.225176 -1 20.1178
-1.05489 -1 43.6043
0.215294 -1 26.845
-1.60345 -1 49.0666
-1.72163 -1 52.7868
-0.0961129 -1 27.697
-0.442095 -1 32.2391
0.354708 -1 31.7083
0.156775 -1 25.2752
0.185881 -1 29.7366
-3.19687 -1 96.6729
-0.907063 -1 38.5597
-0.140719 -1 28.8998
0.0929432 -1 29.2521
-0.0992845 -1 20.0786
0.401389 -1 31.9442
-1.38094 -1 45.0531
-0.606337 -1 29.6223
0.299063 -1 30.4246
-0.700468 -1 28.0008
0.768159 -1 37.6831
-0.176147 -1 26.3167
-0.978247 -1 36.0559
0.361798 -1 31.5705
-0.143924 -1 29.4037
-0.0518828 -1 29.56
-0.632418 -1 35.451
-0.438345 -1 20.8792
0.292231 -1 29.6013
-0.0802824 -1 24.8923
-0.936111 -1 35.3709
-1.7596 -1 54.4416
0.163219 -1 29.1088
-0.58928 -1 34.1629
-1.15974 -1 42.4981
-2.71062 -1 85.9225
-0.942023 -1 29.0516
-0.523454 -1 23.4882
-0.13112 -1 18.5446
0.156775 -1 27.0132
-0.572474 -1 25.6406
-0.677305 -1 34.6651
-2.60917 -1 83.6618
0.108811 -1 29.9148
-0.241741 -1 29.4129
-0.0392901 -1 19.7838
0.221878 -1 30.4496
0.0141381 -1 29.9651
0.438345 -1 31.2465
-3.46231 -1 107.782
-0.632418 -1 20.1357
0.476333 -1 33.2255
0.00785414 -1 29.9417
-0.610642 -1 33.1102
-0.814128 -1 37.5875
-1.30181 -1 46.9312
-1.0417 -1 41.8556
-0.412374 -1 16.078
-1.66099 -1 58.1533
-0.728945 -1 36.4448
0.464821 -1 32.4569
0.0455846 -1 22.7745
-1.83947 -1 60.9352
-12.456 -1 374.467
-0.636825 -1 19.3398
0.412374 -1 32.4404
0.231788 -1 29.9217
-1.41812 -1 51.4416
-0.56831 -1 31.8796
-0.427155 -1 32.2969
-1.03517 -1 35.5592
0.30936 -1 28.8591
-0.13112 -1 29.8843
-0.115173 -1 29.897
-1.23622 -1 44.6747
-0.124734 -1 24.68
0.0802824 -1 28.5346
-0.326657 -1 29.9221
-0.13112 -1 26.8722
0.251739 -1 30.7597
0.124734 -1 27.0655
-0.34765 -1 30.6876
0.623657 -1 35.0034
0.0708038 -1 29.4692
-3.54573 -1 107.783
0.907063 -1 40.4741
-0.632418 -1 32.8364
0.68651 -1 36.3588
-0.394112 -1 25.1021
-2.30094 -1 74.9315
0.036144 -1 21.5579
-0.724145 -1 33.9004
-0.278641 -1 30.744
-1.50683 -1 54.1672
-0.0424369 -1 29.8937
-1.05489 -1 35.8333
-0.218584 -1 26.8633
0.333625 -1 28.4442
-0.13112 -1 19.4325
-0.134317 -1 25.5062
-0.0550333 -1 22.7853
-0.449628 -1 24.7416
-0.0802824 -1 29.963
-0.221878 -1 27.1124
0.623657 -1 35.342
0.179388 -1 28.2675
-0.386871 -1 31.9613
-1.59228 -1 48.9095
-1.97026 -1 62.5752
0.0487332 -1 23.5582
0.386871 -1 30.7448
0.461006 -1 31.3854
-1.04827 -1 33.6618
0.401389 -1 30.1672
0.728945 -1 36.4669
-0.0708038 -1 28.5143
-0.0613378 -1 19.1587
-0.163219 -1 30.3754
-0.45341 -1 31.7447
-0.316258 -1 17.8489
-1.83947 -1 62.3645
-0.672732 -1 20.7903
-0.82463 -1 32.4328
-0.663644 -1 35.3886
-1.25223 -1 44.6996
-0.738611 -1 25.6162
-1.58123 -1 53.8492
-0.0897754 -1 26.7076
0.0329987 -1 23.128
-0.495752 -1 33.4761
-0.984414 -1 31.9248
-3.50356 -1 106.672
0.511506 -1 33.5473
-0.82463 -1 33.2182
-0.351175 -1 22.4832
-2.18721 -1 70.6958
-0.029854 -1 22.6376
-0.147132 -1 30.257
-7.81705 -1 236.404
-0.700468 -1 31.7013
-5.28729 -1 159.027
-0.17291 -1 21.9962
-0.94797 -1 41.2713
0.551802 -1 32.9037
-1.22046 -1 46.604
-0.654631 -1 35.8167
-0.198912 -1 24.4605
-0.68651 -1 36.3711
-0.724145 -1 28.8341
0.212009 -1 26.7802
0.438345 -1 32.6379
0.344132 -1 31.1459
-0.386871 -1 27.4794
-1.13069 -1 42.4105
0.602049 -1 33.8051
-1.73415 -1 58.9189
0.419745 -1 32.3502
-0.585055 -1 22.0708
0.445856 -1 32.8271
-0.419745 -1 24.8726
0.323184 -1 30.7468
-1.68486 -1 58.6113
-1.41812 -1 51.1042
-0.124734 -1 19.8502
0.176147 -1 30.2563
-0.248401 -1 30.8818
-0.159995 -1 19.7312
-0.92439 -1 32.123
-0.251739 -1 21.5288
0.372493 -1 31.6037
0.0518828 -1 29.9923
-0.773167 -1 29.0662
-0.438345 -1 32.1754
-0.0235663 -1 24.9248
-1.31031 -1 48.9559
-0.645692 -1 33.325
-2.01714 -1 67.521
-1.57029 -1 50.0775
-0.140719 -1 29.7766
-0.597777 -1 29.3922
-0.942023 -1 39.8876
-0.835241 -1 39.0108
-1.04827 -1 40.9847
-0.368919 -1 14.9627
-0.907063 -1 40.4979
-0.0708038 -1 29.967
-2.58484 -1 80.5984
0.0613378 -1 29.6407
-0.445856 -1 29.8079
-0.118358 -1 29.8072
0.319718 -1 29.4276
-0.0487332 -1 28.4467
-2.60917 -1 83.4552
-1.44688 -1 52.464
0.572474 -1 34.5666
-0.218584 -1 16.8596
0.00785414 -1 28.8617
-0.499672 -1 31.3342
0.361798 -1 30.2791
-0.379665 -1 29.4502
0.808917 -1 38.5674
0.0235663 -1 20.7474
0.34765 -1 31.5108
-1.73415 -1 59.5809
-1.02224 -1 33.0556
-0.901353 -1 40.349
-0.959971 -1 36.6909
-0.195649 -1 24.9545
-0.351175 -1 28.5976
-0.212009 -1 23.5677
-0.383263 -1 31.6495
-0.641249 -1 19.6597
0.159995 -1 29.8071
-0.503604 -1 31.1128
0.0455846 -1 23.4961
-0.423445 -1 30.5116
0.2351 -1 26.8648
-2.0494 -1 61.5289
0.419745 -1 31.1861
-1.11648 -1 43.7556
-0.231788 -1 30.777
0.212009 -1 30.6571
-0.491844 -1 32.6272
-0.261786 -1 27.976
-0.484065 -1 15.1315
-0.884414 -1 37.8081
-0.68651 -1 27.2959
-0.527463 -1 26.0658
-0.461006 -1 24.3633
-0.487949 -1 27.9
-0.292231 -1 27.8035
-0.179388 -1 20.0841
-0.137516 -1 19.008
-1.0417 -1 43.3095
-2.28131 -1 74.7076
-0.255083 -1 28.1775
-0.115173 -1 28.2488
-3.34377 -1 104.701
0.271881 -1 30.3823
-0.803733 -1 33.1289
-0.102458 -1 24.8889
0.531486 -1 32.8799
0.430875 -1 31.8571
-0.0550333 -1 24.1958
-1.77254 -1 57.3803
0.285424 -1 31.1827
-11.1389 -1 334.393
-0.845963 -1 27.7857
0.856801 -1 39.2391
-0.265145 -1 28.1242
-0.487949 -1 25.5187
-0.918581 -1 33.6198
-0.265145 -1 21.7384
-0.484065 -1 32.6585
-1.1524 -1 38.7248
0.108811 -1 29.1324
-0.733767 -1 34.2417
-1.47644 -1 53.3042
0.0897754 -1 29.028
-0.386871 -1 21.8719
-0.484065 -1 31.0659
-0.00785414 -1 24.104
-0.0992845 -1 30.1326
-1.12356 -1 39.0546
-2.09937 -1 68.7224
-2.32086 -1 74.6016
-0.572474 -1 17.4093
0.153557 -1 30.2917
-0.449628 -1 26.6716
0.878831 -1 39.937
-0.901353 -1 39.6243
-0.918581 -1 38.2841
-0.299063 -1 30.0419
-0.0992845 -1 27.8888
-0.0455846 -1 29.9883
-0.0771214 -1 30.0711
-0.275258 -1 20.2823
-0.576652 -1 28.581
0.302489 -1 31.3386
-0.808917 -1 26.6782
0.2351 -1 29.2185
-0.108811 -1 27.0159
-0.248401 -1 30.5311
0.0235663 -1 27.7957
0.464821 -1 32.7949
-0.0455846 -1 27.0513
-0.606337 -1 30.1982
-0.645692 -1 34.5603
-0.68651 -1 25.8921
-0.936111 -1 31.1637
-1.1524 -1 45.3169
0.368919 -1 30.6501
-0.724145 -1 36.9346
-0.423445 -1 19.6427
0.376074 -1 32.0488
-0.0676471 -1 29.8315
-1.64925 -1 54.5026
-0.709875 -1 27.2113
0.153557 -1 27.0435
-1.11648 -1 43.6219
-0.966026 -1 41.6656
-1.67287 -1 58.4688
-0.176147 -1 30.2672
-1.78563 -1 54.7053
-2.49135 -1 77.2677
-2.15137 -1 68.3466
-0.918581 -1 40.2542
-1.17458 -1 45.5121
-0.778198 -1 37.6344
-1.59228 -1 56.4066
-0.0455846 -1 27.8168
0.176147 -1 28.4272
-0.166446 -1 24.7718
-1.13069 -1 44.8518
-0.365354 -1 18.4474
0.499672 -1 32.9227
-0.275258 -1 29.9342
-4.19431 -1 128.53
-0.808917 -1 34.8623
-4.13666 -1 127.341
-0.305922 -1 24.9692
-0.434605 -1 32.4127
0.258431 -1 29.809
-0.564161 -1 32.6915
0.163219 -1 25.3007
-0.445856 -1 25.827
0.547711 -1 33.4502
-0.271881 -1 25.7679
0.0015708 -1 28.9117
0.215294 -1 30.2304
-0.0961129 -1 30.0133
-0.972118 -1 34.0024
-1.06155 -1 42.8143
-0.572474 -1 22.5327
-0.192389 -1 30.3657
-0.26851 -1 21.4057
0.408703 -1 29.4532
-0.464821 -1 19.5294
-0.0487332 -1 22.0238
-0.288824 -1 19.7528
-0.641249 -1 21.6655
-0.829921 -1 38.7765
-0.258431 -1 30.5242
-0.251739 -1 22.6178
0.238418 -1 30.3303
-0.323184 -1 31.3034
-0.285424 -1 23.85
-2.18721 -1 71.8703
-0.527463 -1 29.1398
0.115173 -1 27.1605
-2.71062 -1 85.9924
-3.3059 -1 102.288
-1.33624 -1 47.7155
-2.01714 -1 63.5492
-0.372493 -1 19.6214
0.728945 -1 37.1179
0.700468 -1 36.6096
0.0992845 -1 22.5512
-0.340623 -1 21.6224
-0.010996 -1 19.8406
0.111991 -1 27.667
-1.19726 -1 43.7773
-0.319718 -1 28.8662
-0.636825 -1 32.597
-5.19781 -1 157.414
0.45341 -1 32.5813
0.543634 -1 34.0145
-0.340623 -1 27.0224
0.137516 -1 29.6911
-0.330138 -1 26.7803
-0.127926 -1 24.524
-0.0518828 -1 22.8429
-0.271881 -1 27.1963
0.890029 -1 40.074
-1.61472 -1 56.6542
0.0015708 -1 29.6873
0.292231 -1 31.116
-0.401389 -1 23.0015
-5.67708 -1 172.892
0.278641 -1 31.1373
-2.00131 -1 67.1143
-1.82578 -1 59.9163
-10.4044 -1 312.823
-2.26196 -1 70.563
0.783255 -1 37.5799
-0.499672 -1 18.8504
-0.0676471 -1 25.4885
-0.305922 -1 25.5535
-0.182632 -1 27.4285
0.163219 -1 28.5674
-0.17291 -1 29.0425
0.198912 -1 26.4255
-0.449628 -1 25.012
0.394112 -1 30.8203
-1.11648 -1 40.0643
-0.299063 -1 28.9293
-0.397746 -1 28.6276
0.143924 -1 24.4645
-0.499672 -1 25.0163
-1.23622 -1 47.6976
0.714611 -1 36.0098
-0.654631 -1 28.9422
-0.394112 -1 31.1817
-0.305922 -1 30.76
-1.42762 -1 45.0085
-0.773167 -1 24.5371
0.330138 -1 29.6911
0.519458 -1 33.3208
-0.942023 -1 33.1137
-0.0267099 -1 29.5957
0.185881 -1 30.4844
-0.472484 -1 29.2253
-0.663644 -1 35.9113
-0.614964 -1 30.3143
0.185881 -1 27.2746
-4.71677 -1 142.723
-0.547711 -1 32.2551
0.0392901 -1 29.9639
0.295644 -1 27.7388
-0.907063 -1 32.8422
-0.105634 -1 27.8342
-17.1866 -1 516.102
0.0424369 -1 24.3477
-0.0015708 -1 27.57
-1.95501 -1 65.8764
-1.06155 -1 35.3957
0.92439 -1 40.7957
-2.73707 -1 84.8754
-0.0613378 -1 24.0922
0.208729 -1 27.9314
-1.30181 -1 43.3035
-1.01583 -1 34.6753
-0.416055 -1 14.9331
0.010996 -1 29.7994
-0.33712 -1 31.3289
-0.527463 -1 17.357
-0.231788 -1 21.5694
0.0771214 -1 29.9176
-0.344132 -1 31.6366
0.20218 -1 30.3535
-0.0676471 -1 25.9769
-3.02904 -1 91.6398
-0.984414 -1 38.943
-1.20493 -1 39.8199
-0.907063 -1 31.1268
-0.457203 -1 26.1281
0.507548 -1 31.5451
0.464821 -1 32.144
-0.527463 -1 31.7279
-1.39011 -1 50.4014
0.430875 -1 32.28
-0.606337 -1 29.9714
0.515476 -1 33.1731
-0.111991 -1 21.8755
-0.560027 -1 25.5765
-0.681898 -1 32.3014
-0.748368 -1 35.526
-0.438345 -1 26.3784
0.408703 -1 30.9157
-0.953953 -1 40.7981
-0.0708038 -1 29.8496
-0.105634 -1 21.1968
-0.564161 -1 29.3124
-0.472484 -1 29.3234
-0.602049 -1 28.9002
-0.323184 -1 30.9694
-0.576652 -1 33.035
-0.0644918 -1 18.6485
-1.70924 -1 59.379
-0.449628 -1 15.9368
-0.205452 -1 18.3888
-1.68486 -1 58.704
-1.47644 -1 51.2295
-0.966026 -1 32.7165
-0.0392901 -1 29.1936
-0.248401 -1 16.399
-1.075 -1 42.7966
0.659128 -1 35.9091
-1.34503 -1 50.2095
-0.0329987 -1 27.4341
-0.156775 -1 21.2008
-0.56831 -1 26.2387
0.302489 -1 27.418
-1.11648 -1 41.5963
0.34765 -1 31.3702
-0.423445 -1 32.5627
0.0141381 -1 29.3986
0.401389 -1 30.6488
0.225176 -1 26.9474
-0.480193 -1 29.5086
-0.0204232 -1 28.002
-0.472484 -1 28.0706
-2.24288 -1 73.4441
-0.808917 -1 36.8806
-1.70924 -1 54.8145
0.365354 -1 29.1918
0.0329987 -1 21.881
-0.990619 -1 36.6805
-0.491844 -1 14.8024
0.282029 -1 30.3981
-1.51716 -1 53.7005
0.845963 -1 38.9694
-0.0644918 -1 29.8808
-1.10246 -1 39.9126
-1.64925 -1 57.1778
-0.650152 -1 22.6353
-0.523454 -1 30.9915
-0.416055 -1 22.0937
