1000 0 0 87
-636.619 -1 55385.9
-127.321 -1 11077.3
-70.7308 -1 6154.19
-48.9639 -1 4260.75
-37.4393 -1 3258.38
-30.3042 -1 2637.9
-25.4517 -1 2216
-21.9372 -1 1910.52
-19.2742 -1 1679.11
-17.1866 -1 1497.76
-15.5058 -1 1351.81
-14.1235 -1 1231.82
-12.9666 -1 1131.44
-11.9839 -1 1046.22
-11.1389 -1 972.981
-10.4044 -1 909.356
-9.76009 -1 853.572
-9.19022 -1 804.267
-8.68256 -1 760.376
-8.22743 -1 721.054
-7.81705 -1 685.624
-7.44509 -1 653.538
-7.10637 -1 624.345
-6.79661 -1 597.67
-6.51222 -1 573.203
-6.25019 -1 550.682
-6.00797 -1 529.883
-5.78336 -1 510.618
-5.57451 -1 492.724
-5.3798 -1 476.059
-5.19781 -1 460.502
-5.02734 -1 445.947
-4.86731 -1 432.3
-4.71677 -1 419.48
-4.5749 -1 407.414
-4.44096 -1 396.037
-4.3143 -1 385.294
-4.19431 -1 375.133
-4.08049 -1 365.507
-3.97236 -1 356.378
-3.8695 -1 347.706
-3.77152 -1 339.46
-3.67807 -1 331.608
-3.58885 -1 324.124
-3.50356 -1 316.983
-3.42195 -1 310.161
-3.34377 -1 303.639
-3.26881 -1 297.396
-3.19687 -1 291.417
-3.12776 -1 285.684
-3.06131 -1 280.183
-2.99738 -1 274.901
-2.9358 -1 269.825
-2.87646 -1 264.943
-2.81922 -1 260.245
-2.76398 -1 255.72
-2.71062 -1 251.36
-2.65905 -1 247.155
-2.60917 -1 243.099
-2.5609 -1 239.182
-2.51417 -1 235.399
-2.46888 -1 231.743
-2.42498 -1 228.207
-2.3824 -1 224.787
-2.34107 -1 221.476
-2.30094 -1 218.27
-2.26196 -1 215.163
-2.22406 -1 212.152
-2.18721 -1 209.233
-2.15137 -1 206.4
-2.11647 -1 203.651
-2.0825 -1 200.983
-2.0494 -1 198.391
-2.01714 -1 195.872
-1.98569 -1 193.425
-1.95501 -1 191.045
-1.92508 -1 188.73
-1.89587 -1 186.479
-1.86734 -1 184.287
-1.83947 -1 182.153
-1.81224 -1 180.076
-1.78563 -1 178.052
-1.7596 -1 176.08
-1.73415 -1 174.158
-1.70924 -1 172.284
-1.68486 -1 170.457
-1.66099 -1 168.674
-1.63762 -1 166.936
-1.61472 -1 165.239
-1.59228 -1 163.582
-1.57029 -1 161.965
-1.54873 -1 160.386
-1.52758 -1 158.843
-1.50683 -1 157.336
-1.48648 -1 155.864
-1.46649 -1 154.424
-1.44688 -1 153.017
-1.42762 -1 151.642
-1.4087 -1 150.297
-1.39011 -1 148.981
-1.37185 -1 147.694
-1.35389 -1 146.435
-1.33624 -1 145.202
-1.31888 -1 143.996
-1.30181 -1 142.816
-1.28502 -1 141.66
-1.26849 -1 140.528
-1.25223 -1 139.419
-1.23622 -1 138.334
-1.22046 -1 137.27
-1.20493 -1 136.228
-1.18964 -1 135.207
-1.17458 -1 134.207
-1.15974 -1 133.226
-1.14511 -1 132.265
-1.13069 -1 131.323
-1.11648 -1 130.399
-1.10246 -1 129.493
-1.08864 -1 128.605
-1.075 -1 127.734
-1.06155 -1 126.879
-1.04827 -1 126.041
-1.03517 -1 125.219
-1.02224 -1 124.412
-1.00947 -1 123.62
-0.996863 -1 122.844
-0.984414 -1 122.081
-0.972118 -1 121.333
-0.959971 -1 120.599
-0.94797 -1 119.878
-0.936111 -1 119.171
-0.92439 -1 118.476
-0.912805 -1 117.795
-0.901353 -1 117.125
-0.890029 -1 116.468
-0.878831 -1 115.822
-0.867756 -1 115.189
-0.856801 -1 114.566
-0.845963 -1 113.955
-0.835241 -1 113.355
-0.82463 -1 112.765
-0.814128 -1 112.186
-0.803733 -1 111.617
-0.793443 -1 111.059
-0.783255 -1 110.51
-0.773167 -1 109.971
-0.763176 -1 109.441
-0.75328 -1 108.921
-0.743478 -1 108.41
-0.733767 -1 107.908
-0.724145 -1 107.415
-0.714611 -1 106.931
-0.705161 -1 106.455
-0.695795 -1 105.988
-0.68651 -1 105.528
-0.677305 -1 105.077
-0.668179 -1 104.634
-0.659128 -1 104.198
-0.650152 -1 103.771
-0.641249 -1 103.351
-0.632418 -1 102.938
-0.623657 -1 102.533
-0.614964 -1 102.134
-0.606337 -1 101.743
-0.597777 -1 101.359
-0.58928 -1 100.982
-0.580846 -1 100.611
-0.572474 -1 100.247
-0.564161 -1 99.89
-0.555907 -1 99.5392
-0.547711 -1 99.1947
-0.539571 -1 98.8564
-0.531486 -1 98.5243
-0.523454 -1 98.1983
-0.515476 -1 97.8784
-0.507548 -1 97.5643
-0.499672 -1 97.2561
-0.491844 -1 96.9536
-0.484065 -1 96.6568
-0.476333 -1 96.3656
-0.468647 -1 96.08
-0.461006 -1 95.7998
-0.45341 -1 95.5249
-0.445856 -1 95.2555
-0.438345 -1 94.9912
-0.430875 -1 94.7322
-0.423445 -1 94.4783
-0.416055 -1 94.2294
-0.408703 -1 93.9856
-0.401389 -1 93.7467
-0.394112 -1 93.5127
-0.386871 -1 93.2836
-0.379665 -1 93.0592
-0.372493 -1 92.8396
-0.365354 -1 92.6246
-0.358249 -1 92.4143
-0.351175 -1 92.2086
-0.344132 -1 92.0074
-0.33712 -1 91.8107
-0.330138 -1 91.6184
-0.323184 -1 91.4305
-0.316258 -1 91.2471
-0.30936 -1 91.0679
-0.302489 -1 90.893
-0.295644 -1 90.7224
-0.288824 -1 90.556
-0.282029 -1 90.3937
-0.275258 -1 90.2356
-0.26851 -1 90.0816
-0.261786 -1 89.9316
-0.255083 -1 89.7857
-0.248401 -1 89.6438
-0.241741 -1 89.5059
-0.2351 -1 89.3719
-0.22848 -1 89.2418
-0.221878 -1 89.1157
-0.215294 -1 88.9933
-0.208729 -1 88.8749
-0.20218 -1 88.7602
-0.195649 -1 88.6494
-0.189133 -1 88.5423
-0.182632 -1 88.4389
-0.176147 -1 88.3393
-0.169676 -1 88.2434
-0.163219 -1 88.1511
-0.156775 -1 88.0626
-0.150343 -1 87.9776
-0.143924 -1 87.8963
-0.137516 -1 87.8187
-0.13112 -1 87.7446
-0.124734 -1 87.6741
-0.118358 -1 87.6071
-0.111991 -1 87.5438
-0.105634 -1 87.4839
-0.0992845 -1 87.4276
-0.0929432 -1 87.3749
-0.0866094 -1 87.3256
-0.0802824 -1 87.2798
-0.0739619 -1 87.2375
-0.0676471 -1 87.1987
-0.0613378 -1 87.1634
-0.0550333 -1 87.1315
-0.0487332 -1 87.1031
-0.0424369 -1 87.0782
-0.036144 -1 87.0567
-0.029854 -1 87.0387
-0.0235663 -1 87.024
-0.0172805 -1 87.0129
-0.010996 -1 87.0052
-0.00471242 -1 87.0009
0.0015708 -1 87
0.00785414 -1 87.0026
0.0141381 -1 87.0086
0.0204232 -1 87.018
0.0267099 -1 87.0309
0.0329987 -1 87.0472
0.0392901 -1 87.067
0.0455846 -1 87.0902
0.0518828 -1 87.1169
0.058185 -1 87.147
0.0644918 -1 87.1806
0.0708038 -1 87.2177
0.0771214 -1 87.2582
0.0834451 -1 87.3023
0.0897754 -1 87.3498
0.0961129 -1 87.4008
0.102458 -1 87.4553
0.108811 -1 87.5134
0.115173 -1 87.575
0.121545 -1 87.6402
0.127926 -1 87.7089
0.134317 -1 87.7812
0.140719 -1 87.857
0.147132 -1 87.9365
0.153557 -1 88.0196
0.159995 -1 88.1064
0.166446 -1 88.1968
0.17291 -1 88.2909
0.179388 -1 88.3886
0.185881 -1 88.4901
0.192389 -1 88.5953
0.198912 -1 88.7043
0.205452 -1 88.8171
0.212009 -1 88.9336
0.218584 -1 89.054
0.225176 -1 89.1783
0.231788 -1 89.3064
0.238418 -1 89.4384
0.245068 -1 89.5743
0.251739 -1 89.7143
0.258431 -1 89.8582
0.265145 -1 90.0061
0.271881 -1 90.1581
0.278641 -1 90.3141
0.285424 -1 90.4743
0.292231 -1 90.6386
0.299063 -1 90.8072
0.305922 -1 90.9799
0.312806 -1 91.1569
0.319718 -1 91.3383
0.326657 -1 91.5239
0.333625 -1 91.714
0.340623 -1 91.9084
0.34765 -1 92.1074
0.354708 -1 92.3109
0.361798 -1 92.5189
0.368919 -1 92.7315
0.376074 -1 92.9488
0.383263 -1 93.1708
0.390487 -1 93.3975
0.397746 -1 93.6291
0.405042 -1 93.8655
0.412374 -1 94.1069
0.419745 -1 94.3532
0.427155 -1 94.6046
0.434605 -1 94.8611
0.442095 -1 95.1227
0.449628 -1 95.3895
0.457203 -1 95.6617
0.464821 -1 95.9392
0.472484 -1 96.2221
0.480193 -1 96.5105
0.487949 -1 96.8045
0.495752 -1 97.1041
0.503604 -1 97.4095
0.511506 -1 97.7206
0.519458 -1 98.0376
0.527463 -1 98.3606
0.535521 -1 98.6896
0.543634 -1 99.0248
0.551802 -1 99.3661
0.560027 -1 99.7138
0.56831 -1 100.068
0.576652 -1 100.428
0.585055 -1 100.796
0.593521 -1 101.17
0.602049 -1 101.55
0.610642 -1 101.938
0.619302 -1 102.333
0.628029 -1 102.734
0.636825 -1 103.143
0.645692 -1 103.56
0.654631 -1 103.984
0.663644 -1 104.415
0.672732 -1 104.855
0.681898 -1 105.302
0.691143 -1 105.757
0.700468 -1 106.22
0.709875 -1 106.692
0.719367 -1 107.172
0.728945 -1 107.661
0.738611 -1 108.158
0.748368 -1 108.665
0.758216 -1 109.18
0.768159 -1 109.705
0.778198 -1 110.239
0.788336 -1 110.783
0.798575 -1 111.337
0.808917 -1 111.901
0.819365 -1 112.474
0.829921 -1 113.059
0.840588 -1 113.654
0.851368 -1 114.259
0.862264 -1 114.876
0.873278 -1 115.504
0.884414 -1 116.144
0.895675 -1 116.795
0.907063 -1 117.458
0.918581 -1 118.134
0.930234 -1 118.822
0.942023 -1 119.523
0.953953 -1 120.237
0.966026 -1 120.964
0.978247 -1 121.706
0.990619 -1 122.461
1.00315 -1 123.23
1.01583 -1 124.014
1.02868 -1 124.813
1.0417 -1 125.628
1.05489 -1 126.458
1.06825 -1 127.304
1.08179 -1 128.167
1.09552 -1 129.047
1.10944 -1 129.944
1.12356 -1 130.859
1.13788 -1 131.792
1.1524 -1 132.743
1.16713 -1 133.714
1.18208 -1 134.704
1.19726 -1 135.715
1.21267 -1 136.747
1.22831 -1 137.799
1.24419 -1 138.874
1.26033 -1 139.971
1.27672 -1 141.091
1.29338 -1 142.235
1.31031 -1 143.403
1.32753 -1 144.596
1.34503 -1 145.815
1.36283 -1 147.061
1.38094 -1 148.334
1.39936 -1 149.635
1.41812 -1 150.966
1.43721 -1 152.326
1.45664 -1 153.717
1.47644 -1 155.14
1.49661 -1 156.596
1.51716 -1 158.085
1.5381 -1 159.61
1.55946 -1 161.171
1.58123 -1 162.769
1.60345 -1 164.405
1.62611 -1 166.082
1.64925 -1 167.8
1.67287 -1 169.56
1.69699 -1 171.365
1.72163 -1 173.215
1.74681 -1 175.113
1.77254 -1 177.059
1.79886 -1 179.057
1.82578 -1 181.108
1.85333 -1 183.213
1.88152 -1 185.375
1.91039 -1 187.597
1.93996 -1 189.88
1.97026 -1 192.227
2.00131 -1 194.64
2.03316 -1 197.123
2.06584 -1 199.677
2.09937 -1 202.307
2.1338 -1 205.016
2.16917 -1 207.806
2.20551 -1 210.681
2.24288 -1 213.646
2.28131 -1 216.704
2.32086 -1 219.86
2.36158 -1 223.118
2.40353 -1 226.483
2.44676 -1 229.96
2.49135 -1 233.556
2.53735 -1 237.274
2.58484 -1 241.123
2.6339 -1 245.109
2.68462 -1 249.239
2.73707 -1 253.52
2.79136 -1 257.961
2.84758 -1 262.572
2.90586 -1 267.36
2.9663 -1 272.338
3.02904 -1 277.516
3.09421 -1 282.906
3.16197 -1 288.521
3.23248 -1 294.375
3.3059 -1 300.484
3.38245 -1 306.864
3.46231 -1 313.533
3.54573 -1 320.512
3.63295 -1 327.822
3.72425 -1 335.486
3.81992 -1 343.532
3.9203 -1 351.987
4.02574 -1 360.883
4.13666 -1 370.256
4.2535 -1 380.144
4.37676 -1 390.59
4.50699 -1 401.643
4.6448 -1 413.357
4.79091 -1 425.791
4.94608 -1 439.015
5.11121 -1 453.105
5.28729 -1 468.149
5.47548 -1 484.245
5.67708 -1 501.509
5.89359 -1 520.07
6.12675 -1 540.08
6.37858 -1 561.714
6.65144 -1 585.178
6.94811 -1 610.713
7.27186 -1 638.605
7.62661 -1 669.194
8.01707 -1 702.889
8.44896 -1 740.189
8.92927 -1 781.702
9.46668 -1 828.183
10.0721 -1 880.577
10.7593 -1 940.088
11.5461 -1 1008.27
12.456 -1 1087.16
13.5205 -1 1179.49
14.7826 -1 1289.02
16.3032 -1 1421.04
18.1708 -1 1583.25
20.5199 -1 1787.35
23.5644 -1 2051.94
27.6671 -1 2408.6
33.4964 -1 2915.48
42.4335 -1 3692.73
57.8688 -1 5035.33
90.942 -1 7912.42
212.205 -1 18462
-636.619 -1 -55385.9
-127.321 -1 -11077.3
-70.7308 -1 -6154.19
-48.9639 -1 -4260.75
-37.4393 -1 -3258.38
-30.3042 -1 -2637.9
-25.4517 -1 -2216
-21.9372 -1 -1910.52
-19.2742 -1 -1679.11
-0.0802824 -1 77.0063
-0.17291 -1 44.2255
2.20551 -1 189.488
-5.47548 -1 477.549
0.0929432 -1 47.9708
0.738611 -1 107.306
1.04827 -1 125.653
1.51716 -1 143.46
0.261786 -1 80.7612
0.118358 -1 84.9229
-0.166446 -1 26.9907
0.0550333 -1 86.1013
-0.564161 -1 93.9847
0.668179 -1 98.7778
2.71062 -1 250.813
-0.738611 -1 105.771
1.58123 -1 135.195
0.743478 -1 105.572
1.66099 -1 167.41
-0.0802824 -1 23.8232
0.2351 -1 88.5578
0.299063 -1 71.4007
0.0235663 -1 81.9716
-0.45341 -1 90.4716
-0.0613378 -1 14.7161
0.179388 -1 46.8912
0.397746 -1 84.9671
2.84758 -1 251.681
0.840588 -1 90.6723
1.28502 -1 141.072
-0.623657 -1 83.7014
-1.16713 -1 128.048
-1.58123 -1 155.871
0.295644 -1 49.3313
3.16197 -1 287.405
0.185881 -1 86.4787
0.0487332 -1 84.1588
0.225176 -1 20.5458
-0.628029 -1 62.7113
-1.13069 -1 131.258
-0.672732 -1 82.6491
-0.205452 -1 88.659
-0.0392901 -1 83.2182
0.0455846 -1 86.8824
-1.075 -1 104.736
0.0172805 -1 85.5226
0.936111 -1 100.418
1.82578 -1 162.889
-0.182632 -1 51.9832
0.427155 -1 32.6048
0.695795 -1 105.193
0.271881 -1 73.5997
0.111991 -1 29.9131
-0.511506 -1 97.5467
0.814128 -1 111.067
-0.189133 -1 59.7956
0.535521 -1 42.02
0.942023 -1 119.502
-0.0739619 -1 68.5939
0.150343 -1 73.5324
1.01583 -1 122.1
-0.282029 -1 90.2154
0.208729 -1 52.465
0.645692 -1 54.387
2.5609 -1 220.396
-0.0929432 -1 44.9491
1.1524 -1 118.275
-0.0961129 -1 51.5949
1.78563 -1 159.896
-0.205452 -1 71.6903
-0.959971 -1 101.825
0.733767 -1 72.1209
0.108811 -1 76.4223
-3.19687 -1 287.234
-0.700468 -1 84.5404
5.11121 -1 452.882
-0.323184 -1 90.0194
-0.358249 -1 90.3137
1.38094 -1 147.386
0.326657 -1 81.0199
0.539571 -1 95.3528
-0.215294 -1 61.7306
1.01583 -1 117.201
-0.248401 -1 42.6919
0.0015708 -1 86.5608
0.619302 -1 62.2111
0.0518828 -1 86.7802
0.867756 -1 95.4733
-0.231788 -1 60.9297
-0.959971 -1 105.315
-1.00947 -1 118.926
0.507548 -1 57.5946
0.572474 -1 100.223
-0.33712 -1 91.7818
0.936111 -1 113.903
-1.69699 -1 170.654
1.14511 -1 130.15
0.0392901 -1 86.9572
0.808917 -1 105.521
-0.768159 -1 108.511
-0.531486 -1 61.8429
0.330138 -1 80.6983
0.386871 -1 38.3876
0.121545 -1 81.4859
1.21267 -1 136.218
0.457203 -1 41.8153
-1.50683 -1 142.78
-0.13112 -1 62.4335
-0.449628 -1 70.9551
-0.205452 -1 42.0526
-0.0676471 -1 83.582
-1.47644 -1 150.623
-0.00785414 -1 78.1308
0.118358 -1 66.6171
-0.912805 -1 109.248
0.153557 -1 83.5392
0.248401 -1 41.4485
-0.996863 -1 117.748
0.614964 -1 53.3651
0.0424369 -1 67.269
1.35389 -1 140.491
1.0417 -1 105.646
-0.0739619 -1 9.84532
0.124734 -1 63.7229
1.16713 -1 127.17
-2.0825 -1 194.025
-0.803733 -1 104.779
1.16713 -1 123.048
1.04827 -1 99.3488
-0.901353 -1 114.305
4.02574 -1 349.546
1.88152 -1 177.351
-1.075 -1 127.371
0.918581 -1 101.303
0.282029 -1 74.9222
0.20218 -1 53.2935
0.0550333 -1 85.9266
-0.0424369 -1 78.3187
-0.728945 -1 88.47
0.124734 -1 29.4393
-2.51417 -1 235.381
0.319718 -1 89.2621
-0.390487 -1 91.2119
-0.0739619 -1 84.7629
2.53735 -1 217.164
2.22406 -1 211.39
1.1524 -1 131.697
-0.30936 -1 48.7967
-0.282029 -1 72.7949
0.427155 -1 94.418
0.029854 -1 79.3274
0.00785414 -1 2.73282
-0.845963 -1 110.375
0.499672 -1 96.4505
0.215294 -1 87.9411
5.11121 -1 447.073
0.231788 -1 87.1557
-0.127926 -1 65.9734
0.0613378 -1 51.8957
1.35389 -1 126.74
-0.695795 -1 86.1356
2.76398 -1 241.933
0.153557 -1 84.0469
-0.195649 -1 67.5901
-2.49135 -1 216.884
0.285424 -1 76.084
0.102458 -1 82.0974
5.89359 -1 514.169
0.768159 -1 84.0883
1.00315 -1 120.429
-0.108811 -1 45.7257
0.966026 -1 99.1852
-1.00947 -1 123.143
-1.47644 -1 153.977
1.10944 -1 112.262
0.305922 -1 61.019
-0.278641 -1 78.7294
0.0015708 -1 2.73274
0.13112 -1 39.0967
0.159995 -1 56.5866
-1.35389 -1 146.293
0.0172805 -1 44.9971
-0.238418 -1 36.8052
1.03517 -1 123.487
0.527463 -1 97.3354
0.340623 -1 67.3924
-0.758216 -1 79.3539
5.28729 -1 466.819
-1.075 -1 105.646
-1.02868 -1 120.594
-0.365354 -1 61.2538
-0.511506 -1 45.7264
6.51222 -1 567.982
1.60345 -1 163.235
-0.0172805 -1 74.0476
-0.507548 -1 86.0802
-1.39936 -1 127.585
0.487949 -1 83.3238
-0.238418 -1 89.4169
-0.691143 -1 87.2824
-3.77152 -1 328.795
-0.33712 -1 53.4973
0.102458 -1 6.03968
0.472484 -1 96.2146
0.271881 -1 30.54
0.176147 -1 63.8239
2.16917 -1 198.81
1.73415 -1 148.494
-0.124734 -1 29.6986
-0.0518828 -1 83.2658
0.798575 -1 109.494
-0.487949 -1 51.0979
-0.645692 -1 85.8348
0.305922 -1 84.5911
0.058185 -1 24.8386
0.340623 -1 33.8338
-3.58885 -1 323.044
0.401389 -1 54.8645
-0.401389 -1 48.7312
0.333625 -1 40.0897
2.01714 -1 194.404
0.468647 -1 93.4254
1.89587 -1 168.481
-2.49135 -1 225.661
1.50683 -1 145.735
-0.143924 -1 81.0997
0.878831 -1 108.086
0.185881 -1 23.0819
-0.468647 -1 66.2101
-0.0172805 -1 44.2932
1.78563 -1 176.276
0.68651 -1 61.2207
0.867756 -1 73.7026
-0.619302 -1 94.2951
-0.551802 -1 79.4617
1.1524 -1 112.964
-0.484065 -1 94.7098
-0.185881 -1 87.2664
4.13666 -1 360.825
0.733767 -1 100.206
0.105634 -1 29.3754
0.0613378 -1 64.8362
0.302489 -1 79.234
5.02734 -1 433.626
-0.231788 -1 64.5226
-1.57029 -1 148.237
0.507548 -1 96.3148
-0.386871 -1 74.7731
-0.137516 -1 75.3069
0.326657 -1 76.9666
-0.564161 -1 99.5571
0.695795 -1 87.4727
1.63762 -1 143.421
0.319718 -1 75.5442
23.5644 -1 2051.9
1.57029 -1 157.725
-2.09937 -1 186.908
-0.654631 -1 58.1771
-0.127926 -1 87.6358
-0.0992845 -1 47.77
-0.427155 -1 90.5955
2.03316 -1 196.652
-1.17458 -1 130.198
0.0487332 -1 84.9454
0.221878 -1 71.2645
-1.55946 -1 159.963
0.659128 -1 103.335
-0.719367 -1 83.6404
0.457203 -1 86.2998
0.299063 -1 80.6493
-0.344132 -1 89.7916
1.68486 -1 167.731
-0.464821 -1 95.7306
3.67807 -1 330.586
0.305922 -1 24.2828
-0.0392901 -1 67.2604
0.918581 -1 115.9
-1.55946 -1 153.438
1.1524 -1 131.237
1.18964 -1 133.736
0.30936 -1 35.9047
6.51222 -1 573.201
-0.695795 -1 66.0078
-0.0676471 -1 80.456
-0.515476 -1 84.5595
-1.62611 -1 163.237
1.03517 -1 88.2645
-636.619 -1 -55384.8
-0.890029 -1 80.7884
1.32753 -1 133.415
0.17291 -1 70.1022
-3.09421 -1 281.889
-0.376074 -1 92.4498
-1.24419 -1 138.857
-1.44688 -1 152.652
0.705161 -1 73.6017
0.00785414 -1 31.0088
0.705161 -1 91.8002
-4.02574 -1 358.704
-0.137516 -1 83.3485
0.0550333 -1 84.9731
-0.127926 -1 34.5804
1.95501 -1 177.849
-1.91039 -1 180.948
-2.49135 -1 233.527
-0.984414 -1 96.4633
0.00785414 -1 30.4974
0.305922 -1 81.0638
-0.829921 -1 93.7079
0.606337 -1 101.703
-0.225176 -1 76.9018
-0.641249 -1 80.8607
0.416055 -1 94.2179
0.0676471 -1 78.5464
1.51716 -1 152.869
-0.261786 -1 88.3388
-0.358249 -1 90.435
-0.438345 -1 77.1989
0.361798 -1 78.1164
0.438345 -1 92.7683
1.78563 -1 172.596
0.397746 -1 50.169
-0.156775 -1 20.8267
-0.523454 -1 98.0047
-2.0825 -1 200.313
-0.560027 -1 81.9396
0.271881 -1 44.4234
-0.803733 -1 81.3657
-0.748368 -1 69.0022
-1.51716 -1 143.251
-0.0392901 -1 71.2339
0.798575 -1 92.476
-2.79136 -1 256.404
-0.354708 -1 77.4711
2.90586 -1 266.174
0.278641 -1 45.9737
0.365354 -1 91.2455
0.641249 -1 90.7229
0.124734 -1 71.4124
4.3143 -1 374.649
-0.632418 -1 85.1381
-0.105634 -1 86.3193
0.150343 -1 87.8801
-0.365354 -1 51.096
-0.936111 -1 108.146
0.543634 -1 95.093
-1.08864 -1 128.351
0.192389 -1 87.6719
0.238418 -1 64.8119
-1.36283 -1 134.782
0.333625 -1 85.2736
-0.401389 -1 84.0573
-1.45664 -1 153.498
-2.60917 -1 237.573
-0.472484 -1 79.4132
0.156775 -1 39.7329
0.0141381 -1 85.8503
-0.442095 -1 68.3102
-0.0929432 -1 34.7008
0.326657 -1 69.7818
-0.368919 -1 80.2593
-0.56831 -1 69.6386
1.00315 -1 120.9
-1.52758 -1 151.674
-0.0739619 -1 75.9128
0.442095 -1 86.8178
0.13112 -1 25.273
-2.24288 -1 196.866
-0.901353 -1 113.803
-1.69699 -1 155.284
-0.22848 -1 86.1525
0.610642 -1 61.9712
0.0487332 -1 30.7888
-2.9358 -1 268.287
4.6448 -1 410.415
-0.535521 -1 84.7881
0.292231 -1 90.6227
0.499672 -1 64.5455
0.788336 -1 67.3485
-0.231788 -1 31.5676
0.0267099 -1 85.7817
-0.118358 -1 84.9901
0.719367 -1 107.17
-0.288824 -1 67.1692
-0.0329987 -1 26.6389
-0.156775 -1 84.566
0.285424 -1 80.0908
-0.316258 -1 87.9371
1.31031 -1 138.898
0.468647 -1 80.3044
-0.241741 -1 48.4336
-1.20493 -1 131.055
0.0644918 -1 42.9563
0.159995 -1 53.5626
-0.058185 -1 77.0177
0.386871 -1 81.3179
0.56831 -1 50.9388
-1.10246 -1 126.72
2.76398 -1 251.631
0.330138 -1 86.8637
-0.198912 -1 21.7899
-0.0235663 -1 81.6925
1.39936 -1 146.43
1.0417 -1 108.928
0.376074 -1 88.2174
-0.0141381 -1 85.7131
0.867756 -1 108.501
0.636825 -1 78.641
-0.449628 -1 39.7997
0.319718 -1 60.4032
-0.316258 -1 86.9567
0.127926 -1 52.4416
-0.0267099 -1 85.7351
0.748368 -1 63.8716
0.445856 -1 95.2438
0.0676471 -1 56.2134
0.166446 -1 85.8243
-0.768159 -1 104.855
-0.124734 -1 87.5634
0.45341 -1 54.9274
1.30181 -1 124.054
1.55946 -1 152.317
0.748368 -1 102.695
-0.150343 -1 51.2638
-0.555907 -1 83.707
-2.71062 -1 237.03
0.124734 -1 85.2517
0.292231 -1 26.9235
-2.28131 -1 216.464
0.645692 -1 99.2644
1.33624 -1 144
-0.376074 -1 79.856
0.695795 -1 75.1797
-0.677305 -1 73.3613
0.0141381 -1 79.1871
-0.245068 -1 88.97
-0.515476 -1 96.4734
0.248401 -1 21.4742
-0.507548 -1 91.7965
0.996863 -1 122.741
1.26033 -1 120.479
0.484065 -1 62.3106
0.867756 -1 99.3316
0.430875 -1 92.1148
0.221878 -1 15.8729
0.344132 -1 82.8779
-2.3824 -1 223.918
-0.632418 -1 78.9013
0.0771214 -1 53.047
-0.480193 -1 93.4027
0.058185 -1 46.2325
0.121545 -1 73.0989
11.1389 -1 972.862
1.69699 -1 155.96
0.461006 -1 93.2916
1.18964 -1 135.127
-0.856801 -1 90.9646
0.442095 -1 95.0552
0.182632 -1 65.4123
1.86734 -1 181.131
-0.302489 -1 60.1087
-0.241741 -1 40.6349
0.225176 -1 60.2251
0.22848 -1 89.2415
-3.26881 -1 293.437
0.397746 -1 71.0048
1.92508 -1 171.02
-0.029854 -1 24.283
1.01583 -1 118.417
0.464821 -1 87.3149
0.408703 -1 91.3889
-0.215294 -1 74.8386
-1.64925 -1 151.15
-0.225176 -1 70.2927
0.124734 -1 55.2465
0.0644918 -1 86.4933
0.0455846 -1 80.7715
-0.728945 -1 103.291
0.0644918 -1 15.7977
0.340623 -1 47.2814
0.258431 -1 44.2756
-0.185881 -1 66.561
0.255083 -1 89.463
-0.527463 -1 97.0004
-0.434605 -1 82.1025
-0.0518828 -1 22.4594
-1.78563 -1 164.712
0.305922 -1 87.6796
-0.984414 -1 94.5525
-1.35389 -1 142.705
0.218584 -1 57.1953
