100 0 0 30
-63.6567 -1 1909.7
-12.7062 -1 382.318
-7.02637 -1 212.889
-4.82882 -1 147.92
-3.65538 -1 113.677
-2.92076 -1 92.6048
-2.41421 -1 78.3841
-2.04125 -1 68.1828
-1.75319 -1 60.5425
-1.52235 -1 54.6358
-1.33187 -1 49.9588
-1.17085 -1 46.1874
-1.03192 -1 43.1035
-0.90993 -1 40.5558
-0.801151 -1 38.4356
-0.702812 -1 36.6636
-0.612801 -1 35.1805
-0.529473 -1 33.9415
-0.451517 -1 32.9122
-0.377869 -1 32.0664
-0.30764 -1 31.3837
-0.240079 -1 30.8486
-0.174528 -1 30.4497
-0.110401 -1 30.1785
-0.0471588 -1 30.0296
0.0157093 -1 30
0.0787017 -1 30.0891
0.142321 -1 30.2986
0.20709 -1 30.6328
0.273569 -1 31.0985
0.342377 -1 31.7057
0.414214 -1 32.4678
0.489895 -1 33.4024
0.57039 -1 34.5328
0.656877 -1 35.889
0.750821 -1 37.5102
0.854081 -1 39.4477
0.969067 -1 41.7702
1.09899 -1 44.5702
1.2482 -1 47.9755
1.42286 -1 52.167
1.63185 -1 57.4093
1.88867 -1 64.1043
2.21475 -1 72.8925
2.64642 -1 84.8612
3.25055 -1 102.014
4.1653 -1 128.494
5.72974 -1 174.469
9.05789 -1 273.354
21.2049 -1 636.777
-63.6567 -1 -1909.7
-12.7062 -1 -382.318
-7.02637 -1 -212.889
-4.82882 -1 -147.92
-3.65538 -1 -113.677
-2.92076 -1 -92.6048
-2.41421 -1 -78.3841
-2.04125 -1 -68.1828
-1.75319 -1 -60.5425
-1.52235 -1 -54.6358
-1.33187 -1 -49.9588
-1.17085 -1 -46.1874
-1.03192 -1 -43.1035
-0.90993 -1 -40.5558
-0.801151 -1 -38.4356
-0.702812 -1 -36.6636
-0.612801 -1 -35.1805
-0.529473 -1 -33.9415
-0.451517 -1 -32.9122
-0.377869 -1 -32.0664
-0.30764 -1 -31.3837
-0.240079 -1 -30.8486
-0.174528 -1 -30.4497
-0.110401 -1 -30.1785
-0.0471588 -1 -30.0296
0.0157093 -1 -30
0.0787017 -1 -30.0891
0.142321 -1 -30.2986
0.20709 -1 -30.6328
0.273569 -1 -31.0985
0.342377 -1 -31.7057
0.414214 -1 -32.4678
0.489895 -1 -33.4024
0.57039 -1 -34.5328
0.656877 -1 -35.889
0.750821 -1 -37.5102
0.854081 -1 -39.4477
0.969067 -1 -41.7702
-1.2482 -1 47.7684
-9.05789 -1 -205.071
-0.854081 -1 -26.0905
1.09899 -1 43.7861
-0.854081 -1 -24.1808
-1.42286 -1 -49.089
0.377869 -1 -29.4327
12.7062 -1 329.117
0.342377 -1 28.6917
1.52235 -1 -11.9199
3.25055 -1 -19.1179
0.142321 -1 20.7434
